教育1.apk: 3 26 25 6 4 5 8 21 
教育10.apk: 25 26 8 
教育100.apk: 26 25 
教育101.apk: 26 
教育102.apk: 25 
教育103.apk: 7 
教育104.apk: 6 9 8 7 10 25 26 3 
教育105.apk: 6 10 9 26 3 7 8 8 7 25 
教育106.apk: 
教育107.apk: 
教育108.apk: 26 6 
教育109.apk: 
教育11.apk: 
教育110.apk: 26 
教育111.apk: 26 10 3 8 
教育112.apk: 
教育113.apk: 9 7 25 26 8 
教育114.apk: 25 26 9 
教育115.apk: 
教育116.apk: 
教育117.apk: 26 10 9 
教育118.apk: 25 26 8 7 
教育119.apk: 26 7 
教育12.apk: 26 9 
教育120.apk: 26 
教育121.apk: 26 
教育122.apk: 26 
教育123.apk: 
教育124.apk: 
教育125.apk: 26 
教育126.apk: 8 26 25 
教育127.apk: 
教育128.apk: 
教育129.apk: 26 6 25 25 
教育13.apk: 
教育130.apk: 9 3 26 25 
教育131.apk: 3 9 6 10 26 
教育132.apk: 26 
教育133.apk: 25 26 
教育134.apk: 26 
教育135.apk: 26 9 
教育136.apk: 26 25 6 
教育137.apk: 26 26 
教育138.apk: 26 25 9 
教育139.apk: 26 9 
教育14.apk: 26 9 
教育140.apk: 
教育141.apk: 6 7 8 26 
教育142.apk: 26 
教育143.apk: 26 9 
教育144.apk: 25 26 9 10 1 2 8 7 
教育145.apk: 26 9 
教育146.apk: 26 25 6 
教育147.apk: 
教育148.apk: 6 26 25 9 
教育149.apk: 26 10 9 
教育15.apk: 26 9 
教育150.apk: 10 26 
教育151.apk: 26 25 6 
教育152.apk: 26 25 6 
教育153.apk: 10 26 
教育154.apk: 6 7 8 26 
教育155.apk: 26 9 
教育156.apk: 9 25 26 
教育157.apk: 26 6 
教育158.apk: 26 
教育159.apk: 26 9 
教育16.apk: 26 9 
教育160.apk: 26 25 6 
教育161.apk: 
教育162.apk: 6 7 8 26 
教育163.apk: 6 7 8 26 
教育164.apk: 10 
教育165.apk: 26 9 
教育166.apk: 26 9 
教育167.apk: 26 9 
教育168.apk: 6 9 25 26 3 
教育169.apk: 26 25 6 
教育17.apk: 
教育170.apk: 25 26 
教育171.apk: 6 7 8 26 
教育172.apk: 26 25 6 
教育173.apk: 9 26 10 
教育174.apk: 26 25 6 
教育175.apk: 26 9 
教育176.apk: 
教育177.apk: 25 26 9 10 21 20 
教育178.apk: 25 26 9 10 21 20 
教育179.apk: 7 26 10 6 
教育18.apk: 6 8 25 26 
教育180.apk: 25 26 6 
教育181.apk: 
教育182.apk: 26 
教育183.apk: 26 
教育184.apk: 
教育185.apk: 6 9 
教育186.apk: 26 
教育187.apk: 7 
教育188.apk: 26 25 
教育189.apk: 26 10 25 
教育19.apk: 26 
教育190.apk: 
教育191.apk: 26 25 
教育192.apk: 
教育193.apk: 
教育194.apk: 26 
教育195.apk: 25 26 8 7 
教育196.apk: 3 26 
教育197.apk: 
教育198.apk: 25 26 9 
教育199.apk: 25 18 26 8 21 12 4 6 10 3 7 9 20 
教育2.apk: 
教育20.apk: 26 10 9 25 3 7 8 6 
教育200.apk: 26 25 
教育201.apk: 26 9 
教育202.apk: 25 26 7 8 
教育203.apk: 25 26 
教育204.apk: 26 
教育205.apk: 25 26 
教育206.apk: 26 25 6 
教育207.apk: 26 
教育208.apk: 26 25 3 7 8 
教育209.apk: 26 25 10 
教育21.apk: 6 26 25 
教育210.apk: 9 26 
教育211.apk: 
教育212.apk: 3 
教育213.apk: 9 25 7 
教育214.apk: 25 26 8 7 
教育215.apk: 3 8 7 26 25 
教育216.apk: 26 25 
教育217.apk: 8 3 26 25 7 
教育218.apk: 26 25 3 8 7 
教育219.apk: 26 25 
教育22.apk: 
教育220.apk: 26 6 9 3 7 8 
教育221.apk: 
教育222.apk: 8 26 25 10 9 3 1 2 4 
教育223.apk: 26 
教育224.apk: 
教育225.apk: 25 26 
教育226.apk: 26 25 
教育227.apk: 
教育228.apk: 6 4 25 
教育229.apk: 3 25 26 8 7 22 
教育23.apk: 
教育230.apk: 26 3 8 7 9 12 20 22 
教育231.apk: 25 26 3 8 7 
教育232.apk: 
教育233.apk: 6 26 10 7 8 2 1 4 25 
教育234.apk: 26 
教育235.apk: 9 10 
教育236.apk: 25 26 6 3 9 10 
教育237.apk: 9 
教育238.apk: 26 6 9 3 7 
教育239.apk: 8 9 3 26 25 
教育24.apk: 25 26 9 10 21 20 
教育240.apk: 
教育241.apk: 3 9 
教育242.apk: 26 3 9 7 
教育243.apk: 3 26 25 9 6 
教育244.apk: 26 6 
教育245.apk: 25 26 3 
教育246.apk: 26 6 25 25 
教育247.apk: 7 8 26 3 
教育248.apk: 25 9 26 3 10 21 
教育249.apk: 9 26 
教育25.apk: 
教育250.apk: 3 4 26 
教育251.apk: 7 
教育252.apk: 26 6 10 25 
教育253.apk: 7 26 4 
教育254.apk: 26 9 
教育255.apk: 9 6 3 25 26 
教育256.apk: 3 9 25 26 8 8 
教育257.apk: 
教育258.apk: 6 
教育259.apk: 9 7 26 25 
教育26.apk: 
教育260.apk: 7 8 
教育261.apk: 26 9 6 7 8 10 25 3 
教育262.apk: 
教育263.apk: 
教育264.apk: 26 6 
教育265.apk: 26 
教育266.apk: 26 3 9 25 7 
教育267.apk: 9 26 25 
教育268.apk: 26 25 
教育269.apk: 
教育27.apk: 3 10 9 26 6 25 
教育270.apk: 
教育271.apk: 25 26 6 3 
教育272.apk: 
教育273.apk: 
教育274.apk: 3 26 9 9 3 
教育275.apk: 26 9 
教育276.apk: 3 26 
教育277.apk: 25 26 8 7 10 
教育278.apk: 22 12 10 4 20 7 25 26 
教育279.apk: 10 25 26 3 8 7 9 
教育28.apk: 26 9 3 6 
教育280.apk: 25 26 7 8 
教育281.apk: 26 
教育282.apk: 26 
教育283.apk: 9 
教育284.apk: 25 26 
教育285.apk: 25 26 10 
教育286.apk: 8 7 10 6 26 25 
教育287.apk: 10 3 25 26 
教育288.apk: 26 3 
教育289.apk: 26 10 25 6 
教育29.apk: 26 25 3 
教育290.apk: 26 10 25 
教育291.apk: 25 26 
教育292.apk: 
教育293.apk: 
教育294.apk: 
教育295.apk: 25 26 9 10 
教育296.apk: 25 26 7 
教育297.apk: 26 10 8 
教育298.apk: 25 26 10 9 8 7 18 3 
教育299.apk: 26 10 
教育3.apk: 
教育30.apk: 26 
教育300.apk: 26 9 10 
教育301.apk: 26 
教育302.apk: 26 
教育303.apk: 26 
教育304.apk: 9 
教育305.apk: 26 10 9 8 7 
教育306.apk: 26 25 
教育307.apk: 26 
教育308.apk: 
教育309.apk: 26 25 3 
教育31.apk: 
教育310.apk: 26 10 9 25 3 
教育311.apk: 20 10 25 26 7 6 3 9 
教育312.apk: 6 26 10 9 25 
教育313.apk: 25 9 26 10 6 
教育32.apk: 9 26 25 
教育33.apk: 26 
教育34.apk: 
教育35.apk: 25 26 
教育36.apk: 7 4 26 6 25 3 9 
教育37.apk: 10 3 25 26 6 
教育38.apk: 26 25 6 3 2 1 
教育39.apk: 26 
教育4.apk: 26 25 
教育40.apk: 
教育41.apk: 3 
教育42.apk: 26 25 9 
教育43.apk: 25 26 
教育44.apk: 
教育45.apk: 
教育46.apk: 26 25 
教育47.apk: 26 
教育48.apk: 3 26 
教育49.apk: 26 
教育5.apk: 26 25 
教育50.apk: 
教育51.apk: 
教育52.apk: 
教育53.apk: 6 9 26 4 
教育54.apk: 
教育55.apk: 10 26 25 6 4 20 
教育56.apk: 26 6 10 
教育57.apk: 26 6 
教育58.apk: 26 
教育59.apk: 
教育6.apk: 
教育60.apk: 9 26 25 
教育61.apk: 9 
教育62.apk: 
教育63.apk: 26 9 
教育64.apk: 26 25 
教育65.apk: 25 26 
教育66.apk: 26 
教育67.apk: 26 9 
教育68.apk: 26 
教育69.apk: 26 9 6 4 
教育7.apk: 26 
教育70.apk: 26 9 
教育71.apk: 6 26 9 
教育72.apk: 
教育73.apk: 26 9 
教育74.apk: 26 7 
教育75.apk: 
教育76.apk: 
教育77.apk: 26 6 25 
教育78.apk: 9 26 25 
教育79.apk: 6 25 26 
教育8.apk: 
教育80.apk: 26 9 6 3 25 
教育81.apk: 
教育82.apk: 8 7 9 26 25 6 
教育83.apk: 
教育84.apk: 26 
教育85.apk: 3 6 26 
教育86.apk: 
教育87.apk: 26 25 
教育88.apk: 26 25 
教育89.apk: 26 25 
教育9.apk: 
教育90.apk: 26 25 
教育91.apk: 
教育92.apk: 6 26 
教育93.apk: 26 25 
教育94.apk: 26 
教育95.apk: 25 
教育96.apk: 25 26 
教育97.apk: 
教育98.apk: 26 
教育99.apk: 26 10 25 
