天气1.apk: 26 25 8 7 
天气10.apk: 26 25 10 7 
天气100.apk: 8 7 
天气101.apk: 7 8 26 25 6 6 
天气102.apk: 7 8 26 
天气103.apk: 26 8 7 10 
天气104.apk: 
天气105.apk: 8 7 26 
天气106.apk: 
天气107.apk: 26 25 10 7 
天气108.apk: 26 
天气109.apk: 6 8 7 25 26 10 
天气11.apk: 26 8 7 25 
天气110.apk: 7 6 10 26 
天气111.apk: 8 7 
天气112.apk: 7 8 
天气113.apk: 8 7 26 25 
天气114.apk: 7 8 
天气115.apk: 8 7 26 25 
天气116.apk: 26 25 8 7 
天气117.apk: 26 25 10 7 
天气118.apk: 7 26 8 
天气119.apk: 8 7 
天气12.apk: 8 7 3 25 26 
天气120.apk: 7 8 10 
天气121.apk: 26 25 10 7 
天气122.apk: 8 7 
天气123.apk: 8 7 
天气124.apk: 26 25 10 7 
天气125.apk: 26 10 25 7 
天气126.apk: 26 25 10 7 
天气127.apk: 3 7 8 26 
天气128.apk: 8 7 26 25 
天气129.apk: 26 25 10 7 
天气13.apk: 26 
天气130.apk: 7 8 26 
天气131.apk: 7 8 26 
天气132.apk: 8 7 
天气133.apk: 7 8 10 26 
天气134.apk: 6 7 8 26 4 10 
天气135.apk: 6 7 8 26 4 10 
天气136.apk: 26 25 10 7 
天气137.apk: 7 8 
天气138.apk: 26 25 8 7 
天气139.apk: 26 25 8 7 
天气14.apk: 26 25 10 7 
天气140.apk: 26 25 10 7 
天气141.apk: 26 25 7 3 
天气142.apk: 26 25 10 7 
天气143.apk: 26 25 10 7 
天气144.apk: 7 8 
天气145.apk: 8 7 
天气146.apk: 26 7 8 6 25 
天气147.apk: 8 7 26 
天气148.apk: 26 8 7 
天气149.apk: 26 8 7 
天气15.apk: 
天气150.apk: 8 7 26 
天气151.apk: 8 7 26 25 3 
天气152.apk: 26 25 10 7 
天气153.apk: 7 8 26 1 
天气154.apk: 7 8 26 25 25 10 3 
天气155.apk: 8 7 26 
天气156.apk: 26 8 7 
天气157.apk: 26 25 8 7 
天气158.apk: 26 25 8 7 
天气159.apk: 26 25 8 7 
天气16.apk: 6 8 7 26 10 25 
天气160.apk: 10 8 7 6 26 8 
天气161.apk: 7 8 
天气162.apk: 26 25 10 7 
天气163.apk: 26 25 10 7 
天气164.apk: 
天气165.apk: 26 10 25 7 
天气166.apk: 8 7 
天气167.apk: 7 
天气168.apk: 7 
天气169.apk: 7 6 8 25 26 
天气17.apk: 7 26 25 
天气170.apk: 8 7 26 25 
天气171.apk: 26 25 7 8 10 
天气172.apk: 7 8 26 1 
天气173.apk: 8 7 6 
天气174.apk: 8 7 10 26 
天气175.apk: 7 8 25 26 
天气176.apk: 26 25 7 
天气177.apk: 7 8 
天气178.apk: 8 7 9 1 
天气179.apk: 8 7 25 
天气18.apk: 7 26 25 
天气180.apk: 10 8 7 
天气181.apk: 8 7 25 26 
天气182.apk: 10 8 7 
天气183.apk: 10 8 7 
天气184.apk: 10 8 7 
天气185.apk: 10 8 7 
天气186.apk: 7 8 26 25 25 
天气187.apk: 7 6 8 25 26 
天气188.apk: 8 7 
天气189.apk: 26 25 7 
天气19.apk: 7 26 25 10 
天气190.apk: 8 7 
天气191.apk: 26 25 10 7 
天气192.apk: 25 26 7 8 
天气193.apk: 8 26 25 
天气194.apk: 7 6 8 25 26 
天气195.apk: 26 10 25 7 
天气196.apk: 26 10 25 7 
天气197.apk: 7 3 26 25 7 8 18 10 
天气198.apk: 3 7 8 26 
天气199.apk: 10 8 7 
天气2.apk: 8 7 26 10 25 
天气20.apk: 7 8 26 
天气200.apk: 7 
天气201.apk: 26 25 10 7 
天气202.apk: 10 8 7 
天气203.apk: 7 
天气204.apk: 7 8 26 
天气205.apk: 26 25 10 7 
天气206.apk: 26 25 10 7 
天气207.apk: 26 25 10 7 
天气208.apk: 26 26 25 10 7 
天气209.apk: 8 7 26 
天气21.apk: 8 7 26 26 8 7 25 
天气210.apk: 7 
天气211.apk: 7 8 10 26 25 
天气212.apk: 8 7 26 25 6 
天气213.apk: 26 8 3 7 25 
天气214.apk: 10 8 7 26 
天气215.apk: 7 
天气216.apk: 10 8 7 
天气217.apk: 7 
天气218.apk: 8 7 
天气219.apk: 8 7 26 10 
天气22.apk: 7 26 
天气220.apk: 8 7 
天气221.apk: 7 
天气222.apk: 26 25 10 7 
天气223.apk: 7 26 
天气224.apk: 8 8 7 
天气225.apk: 7 8 6 10 26 
天气226.apk: 7 26 8 25 10 
天气227.apk: 7 8 6 10 26 
天气228.apk: 7 
天气229.apk: 8 7 10 25 26 
天气23.apk: 7 26 3 
天气230.apk: 8 7 26 25 
天气231.apk: 8 7 26 
天气232.apk: 7 6 9 3 26 
天气233.apk: 26 25 10 7 
天气234.apk: 7 10 8 26 3 
天气235.apk: 7 8 6 10 26 
天气236.apk: 6 7 8 26 4 10 
天气237.apk: 26 25 8 7 
天气238.apk: 26 25 8 7 
天气239.apk: 26 7 6 
天气24.apk: 7 
天气240.apk: 8 7 26 25 
天气241.apk: 7 8 10 6 
天气242.apk: 7 
天气243.apk: 26 8 7 
天气244.apk: 7 8 
天气245.apk: 8 7 10 18 26 25 
天气246.apk: 7 8 10 25 26 3 9 
天气247.apk: 26 8 7 10 6 25 3 
天气248.apk: 7 8 25 
天气249.apk: 8 7 3 18 25 10 9 5 26 
天气25.apk: 7 26 25 
天气26.apk: 26 8 
天气27.apk: 8 7 3 26 25 25 
天气28.apk: 8 7 6 26 
天气29.apk: 7 8 
天气3.apk: 26 25 10 7 
天气30.apk: 8 7 26 
天气31.apk: 8 7 
天气32.apk: 8 7 19 25 
天气33.apk: 26 25 10 7 
天气34.apk: 26 25 10 7 
天气35.apk: 26 25 10 7 
天气36.apk: 26 25 10 7 
天气37.apk: 7 25 
天气38.apk: 26 25 10 7 
天气39.apk: 26 25 10 7 
天气4.apk: 8 7 26 25 3 10 6 
天气40.apk: 26 25 10 7 
天气41.apk: 7 
天气42.apk: 26 25 10 7 
天气43.apk: 26 25 10 7 
天气44.apk: 7 8 26 
天气45.apk: 26 25 10 7 
天气46.apk: 8 7 26 6 
天气47.apk: 8 7 26 
天气48.apk: 7 
天气49.apk: 26 25 10 7 
天气5.apk: 26 25 10 7 
天气50.apk: 25 26 7 
天气51.apk: 7 8 
天气52.apk: 26 25 8 7 
天气53.apk: 26 25 8 7 
天气54.apk: 26 25 8 7 
天气55.apk: 26 25 25 10 7 
天气56.apk: 26 25 10 7 
天气57.apk: 8 7 
天气58.apk: 26 
天气59.apk: 26 8 7 6 10 25 
天气6.apk: 25 26 7 8 
天气60.apk: 7 6 8 25 26 
天气61.apk: 26 25 10 7 
天气62.apk: 10 8 7 
天气63.apk: 26 25 8 7 
天气64.apk: 7 4 26 10 3 8 25 
天气65.apk: 26 25 10 7 
天气66.apk: 26 25 8 7 
天气67.apk: 26 25 8 7 
天气68.apk: 26 25 8 7 
天气69.apk: 26 25 8 7 
天气7.apk: 
天气70.apk: 26 25 10 7 
天气71.apk: 8 7 
天气72.apk: 25 26 8 7 3 
天气73.apk: 26 25 8 7 
天气74.apk: 26 25 8 7 
天气75.apk: 26 25 10 7 
天气76.apk: 26 7 25 10 
天气77.apk: 26 25 10 7 
天气78.apk: 26 25 10 7 
天气79.apk: 26 25 25 10 7 
天气8.apk: 7 8 26 
天气80.apk: 26 25 10 7 
天气81.apk: 8 7 25 26 
天气82.apk: 8 7 10 25 26 
天气83.apk: 26 10 25 8 7 
天气84.apk: 26 25 10 7 
天气85.apk: 26 25 10 7 
天气86.apk: 26 25 10 7 
天气87.apk: 26 25 10 7 
天气88.apk: 26 25 10 7 
天气89.apk: 26 25 10 7 
天气9.apk: 26 25 10 7 
天气90.apk: 26 7 25 10 
天气91.apk: 26 7 25 10 
天气92.apk: 26 25 10 7 
天气93.apk: 26 25 10 7 
天气94.apk: 26 25 10 7 
天气95.apk: 7 8 26 
天气96.apk: 10 8 7 25 26 3 6 1 18 4 14 21 12 
天气97.apk: 8 7 
天气98.apk: 26 25 8 7 
天气99.apk: 7 26 8 
