摄影1.apk: 10 26 
摄影10.apk: 25 26 6 
摄影100.apk: 8 3 6 9 26 10 25 
摄影101.apk: 26 3 9 7 
摄影102.apk: 26 
摄影103.apk: 26 3 9 7 
摄影104.apk: 7 8 6 26 25 
摄影105.apk: 3 25 26 7 
摄影106.apk: 25 26 3 
摄影107.apk: 26 25 
摄影108.apk: 3 25 26 
摄影109.apk: 26 
摄影11.apk: 25 26 3 7 
摄影110.apk: 10 26 25 8 7 
摄影111.apk: 26 8 
摄影112.apk: 26 25 3 8 10 6 
摄影113.apk: 3 26 6 
摄影114.apk: 26 8 7 6 10 25 
摄影115.apk: 26 25 3 8 7 9 10 
摄影116.apk: 3 9 26 25 8 7 
摄影117.apk: 25 26 3 6 4 
摄影118.apk: 6 10 26 25 
摄影119.apk: 25 26 3 10 
摄影12.apk: 25 26 6 
摄影120.apk: 3 26 8 7 9 25 
摄影121.apk: 25 26 3 
摄影122.apk: 25 26 3 9 8 7 6 
摄影123.apk: 3 
摄影124.apk: 26 25 3 10 
摄影125.apk: 26 25 3 9 8 7 6 10 
摄影126.apk: 25 26 
摄影127.apk: 25 26 10 9 3 
摄影128.apk: 3 9 25 26 7 8 
摄影129.apk: 6 25 26 3 9 7 
摄影13.apk: 3 26 25 
摄影130.apk: 8 26 10 3 9 25 7 
摄影131.apk: 10 26 4 8 7 9 3 25 
摄影132.apk: 10 26 8 7 3 25 9 
摄影133.apk: 3 9 26 25 10 
摄影134.apk: 25 26 
摄影135.apk: 8 7 26 3 25 
摄影136.apk: 3 26 25 7 
摄影137.apk: 3 26 25 
摄影138.apk: 25 6 26 
摄影139.apk: 25 26 
摄影14.apk: 3 25 26 6 7 10 8 18 4 14 12 
摄影140.apk: 26 25 
摄影141.apk: 3 9 26 25 10 
摄影142.apk: 3 9 26 25 
摄影143.apk: 26 
摄影144.apk: 3 10 6 8 7 26 1 2 6 26 25 10 
摄影145.apk: 26 3 9 7 
摄影146.apk: 8 7 3 26 6 25 25 
摄影147.apk: 26 25 
摄影148.apk: 26 
摄影149.apk: 26 25 
摄影15.apk: 10 26 3 9 25 25 
摄影150.apk: 25 26 
摄影151.apk: 3 6 25 26 
摄影152.apk: 10 26 3 6 7 25 4 14 15 5 21 8 12 18 
摄影153.apk: 3 26 25 10 6 7 4 14 15 5 21 8 12 18 
摄影154.apk: 26 25 
摄影155.apk: 25 26 
摄影156.apk: 7 8 10 26 25 3 9 4 
摄影157.apk: 26 25 
摄影158.apk: 26 3 9 
摄影159.apk: 3 25 26 8 6 7 10 18 4 14 
摄影16.apk: 6 6 4 5 10 26 8 7 25 
摄影160.apk: 26 25 
摄影161.apk: 3 26 25 10 
摄影162.apk: 25 26 
摄影163.apk: 26 10 
摄影164.apk: 25 26 8 7 
摄影165.apk: 25 26 
摄影166.apk: 26 7 9 10 25 
摄影167.apk: 26 3 9 25 
摄影168.apk: 3 26 
摄影169.apk: 25 26 
摄影17.apk: 25 26 4 
摄影170.apk: 26 25 3 
摄影171.apk: 7 26 25 3 
摄影172.apk: 26 25 7 3 8 
摄影173.apk: 3 26 9 7 25 
摄影174.apk: 3 26 9 7 25 
摄影175.apk: 26 
摄影176.apk: 3 9 26 
摄影177.apk: 7 8 25 10 26 6 
摄影178.apk: 3 9 26 25 7 6 10 26 8 
摄影179.apk: 26 25 25 
摄影18.apk: 25 26 
摄影180.apk: 6 26 25 3 10 
摄影181.apk: 3 26 25 7 8 
摄影182.apk: 4 26 7 8 3 
摄影183.apk: 4 26 7 8 3 
摄影184.apk: 25 26 
摄影185.apk: 26 25 9 3 8 6 10 
摄影186.apk: 25 26 3 7 6 
摄影187.apk: 3 26 10 4 
摄影188.apk: 10 25 26 7 8 3 9 
摄影189.apk: 26 25 
摄影19.apk: 26 3 
摄影190.apk: 26 
摄影191.apk: 25 26 
摄影192.apk: 26 25 7 3 8 
摄影193.apk: 26 8 7 3 25 10 
摄影194.apk: 26 
摄影195.apk: 25 3 26 
摄影196.apk: 7 10 8 25 26 3 
摄影197.apk: 26 3 9 7 
摄影198.apk: 26 
摄影199.apk: 26 25 25 
摄影2.apk: 26 3 9 7 
摄影20.apk: 26 25 9 3 8 6 
摄影200.apk: 25 26 10 
摄影201.apk: 25 26 3 10 8 7 
摄影202.apk: 26 25 3 8 6 10 
摄影203.apk: 3 26 10 25 8 7 
摄影204.apk: 3 26 7 8 4 25 9 
摄影205.apk: 3 26 7 8 9 
摄影206.apk: 3 26 25 7 
摄影207.apk: 3 26 25 9 7 8 10 
摄影208.apk: 26 8 7 10 9 3 25 6 
摄影209.apk: 26 3 
摄影21.apk: 7 8 25 26 10 
摄影210.apk: 25 26 9 
摄影211.apk: 3 26 25 10 6 7 4 21 8 9 
摄影212.apk: 26 9 7 3 25 
摄影213.apk: 3 9 26 6 10 4 
摄影214.apk: 3 9 26 25 8 10 8 7 
摄影215.apk: 26 3 7 
摄影216.apk: 3 26 25 
摄影217.apk: 3 26 9 
摄影218.apk: 25 26 
摄影219.apk: 25 26 3 10 
摄影22.apk: 3 26 9 
摄影220.apk: 6 8 25 26 10 7 4 
摄影221.apk: 25 26 3 
摄影222.apk: 7 25 26 10 9 3 21 
摄影223.apk: 3 26 
摄影224.apk: 26 
摄影225.apk: 26 25 3 9 26 25 
摄影226.apk: 26 
摄影227.apk: 3 26 10 
摄影228.apk: 26 8 7 10 9 3 25 6 
摄影229.apk: 3 9 26 25 
摄影23.apk: 3 26 9 
摄影230.apk: 8 26 25 
摄影231.apk: 26 25 9 3 8 
摄影232.apk: 8 7 3 
摄影233.apk: 26 25 8 
摄影234.apk: 26 8 7 10 9 3 6 25 26 10 3 8 7 
摄影235.apk: 26 8 7 10 9 3 4 12 14 18 25 6 24 21 20 
摄影236.apk: 8 7 3 10 9 26 10 26 10 26 25 
摄影237.apk: 25 26 3 8 7 
摄影238.apk: 25 26 10 3 8 9 7 
摄影239.apk: 26 25 
摄影24.apk: 26 25 3 
摄影240.apk: 26 
摄影241.apk: 26 25 8 
摄影242.apk: 26 7 8 3 
摄影243.apk: 26 3 7 8 9 
摄影244.apk: 25 26 3 
摄影245.apk: 26 25 
摄影246.apk: 25 26 3 
摄影247.apk: 26 25 
摄影248.apk: 26 25 
摄影249.apk: 6 26 25 10 9 3 
摄影25.apk: 8 7 6 4 5 26 1 10 12 7 25 
摄影250.apk: 26 25 9 3 8 6 
摄影251.apk: 26 25 10 
摄影252.apk: 10 26 25 8 7 3 9 
摄影253.apk: 9 3 26 8 7 6 25 
摄影254.apk: 3 9 26 8 7 6 25 
摄影255.apk: 6 9 3 26 10 8 7 25 
摄影256.apk: 26 8 7 10 9 3 25 6 
摄影257.apk: 26 25 3 
摄影258.apk: 26 25 
摄影259.apk: 25 26 10 6 9 7 8 3 18 4 
摄影26.apk: 3 9 7 26 25 6 
摄影260.apk: 26 6 25 
摄影261.apk: 8 7 3 6 25 21 4 10 26 9 
摄影262.apk: 3 25 26 
摄影27.apk: 26 25 
摄影28.apk: 7 25 26 10 9 3 21 
摄影29.apk: 26 
摄影3.apk: 26 6 7 
摄影30.apk: 26 3 25 
摄影31.apk: 3 10 8 26 25 8 9 
摄影32.apk: 26 3 9 25 10 
摄影33.apk: 26 3 10 5 7 8 25 
摄影34.apk: 10 3 9 26 25 18 4 12 20 8 7 
摄影35.apk: 10 3 26 25 
摄影36.apk: 3 26 25 
摄影37.apk: 3 26 
摄影38.apk: 3 26 
摄影39.apk: 25 26 3 
摄影4.apk: 25 26 
摄影40.apk: 3 26 9 
摄影41.apk: 25 26 8 7 
摄影42.apk: 8 7 3 6 4 9 26 
摄影43.apk: 26 25 25 
摄影44.apk: 3 26 25 9 7 8 10 
摄影45.apk: 3 26 8 7 6 
摄影46.apk: 3 26 7 9 25 
摄影47.apk: 25 26 
摄影48.apk: 3 9 26 25 
摄影49.apk: 3 9 26 25 
摄影5.apk: 3 26 25 9 8 7 
摄影50.apk: 3 26 10 18 4 12 20 25 
摄影51.apk: 25 26 8 7 9 3 
摄影52.apk: 3 9 25 26 8 7 
摄影53.apk: 4 22 10 12 18 26 25 9 3 8 6 
摄影54.apk: 6 10 26 8 7 25 9 3 
摄影55.apk: 25 26 3 8 7 
摄影56.apk: 3 25 9 26 6 
摄影57.apk: 3 26 25 10 4 
摄影58.apk: 26 25 8 7 4 6 
摄影59.apk: 3 9 26 8 7 6 10 
摄影6.apk: 25 26 
摄影60.apk: 26 25 
摄影61.apk: 26 
摄影62.apk: 26 25 10 3 6 8 7 20 21 22 
摄影63.apk: 7 8 26 25 3 6 
摄影64.apk: 26 25 
摄影65.apk: 26 
摄影66.apk: 6 10 25 26 3 
摄影67.apk: 26 25 7 8 6 
摄影68.apk: 26 
摄影69.apk: 26 8 7 10 9 3 4 12 14 18 25 6 24 21 20 
摄影7.apk: 3 25 26 6 
摄影70.apk: 3 9 26 10 4 
摄影71.apk: 3 26 25 
摄影72.apk: 25 26 3 
摄影73.apk: 9 4 3 26 10 25 8 6 
摄影74.apk: 25 26 6 7 8 
摄影75.apk: 6 3 9 26 25 8 7 4 
摄影76.apk: 26 10 6 3 10 6 8 7 26 1 2 25 
摄影77.apk: 26 25 10 3 9 7 8 
摄影78.apk: 3 9 25 26 8 7 
摄影79.apk: 25 26 6 
摄影8.apk: 6 26 25 
摄影80.apk: 26 3 7 
摄影81.apk: 26 25 
摄影82.apk: 26 25 
摄影83.apk: 26 25 
摄影84.apk: 26 25 
摄影85.apk: 26 25 
摄影86.apk: 3 25 26 6 8 7 
摄影87.apk: 26 25 10 9 
摄影88.apk: 26 10 1 8 6 25 
摄影89.apk: 26 25 
摄影9.apk: 26 6 25 
摄影90.apk: 6 26 25 3 
摄影91.apk: 26 3 
摄影92.apk: 25 26 
摄影93.apk: 26 25 
摄影94.apk: 26 8 6 25 8 
摄影95.apk: 3 26 9 25 7 8 
摄影96.apk: 26 3 9 7 25 
摄影97.apk: 8 3 6 9 26 10 25 
摄影98.apk: 26 25 3 9 
摄影99.apk: 26 3 9 8 7 6 4 
