出行导航1.apk: 
出行导航10.apk: 8 7 26 25 6 
出行导航100.apk: 8 12 
出行导航101.apk: 26 10 6 8 7 
出行导航102.apk: 26 7 8 
出行导航103.apk: 8 7 26 
出行导航104.apk: 26 25 10 
出行导航105.apk: 7 8 
出行导航106.apk: 8 7 
出行导航107.apk: 7 8 26 25 
出行导航108.apk: 7 8 
出行导航109.apk: 6 8 7 
出行导航11.apk: 26 8 7 10 3 4 21 12 6 25 
出行导航110.apk: 8 7 7 8 
出行导航111.apk: 8 7 6 10 20 26 25 4 5 12 22 21 
出行导航112.apk: 26 10 25 8 7 3 
出行导航113.apk: 26 8 7 6 4 3 9 12 20 
出行导航114.apk: 12 3 7 8 25 26 10 
出行导航115.apk: 25 26 8 7 10 
出行导航116.apk: 6 25 26 10 8 7 9 
出行导航117.apk: 3 7 26 25 6 21 22 10 
出行导航118.apk: 8 7 26 6 3 10 8 
出行导航119.apk: 8 7 6 1 2 26 25 3 
出行导航12.apk: 8 7 26 6 3 
出行导航120.apk: 
出行导航121.apk: 12 10 8 7 3 
出行导航122.apk: 12 26 10 6 1 2 7 8 3 9 25 
出行导航123.apk: 7 8 26 3 
出行导航124.apk: 7 8 26 4 3 9 6 
出行导航125.apk: 10 
出行导航126.apk: 8 7 12 6 1 2 10 26 
出行导航127.apk: 8 7 26 25 6 
出行导航128.apk: 8 7 6 10 21 22 12 4 14 26 25 
出行导航129.apk: 
出行导航13.apk: 8 7 25 26 
出行导航130.apk: 
出行导航131.apk: 7 6 10 12 25 26 3 8 
出行导航132.apk: 3 7 8 10 25 26 
出行导航133.apk: 8 7 25 26 9 10 
出行导航134.apk: 7 8 3 
出行导航135.apk: 8 7 26 25 8 
出行导航136.apk: 8 7 6 
出行导航137.apk: 6 7 8 3 26 25 9 
出行导航138.apk: 3 6 
出行导航139.apk: 10 21 20 7 26 8 25 
出行导航14.apk: 7 8 12 10 6 
出行导航140.apk: 8 7 25 
出行导航141.apk: 7 26 
出行导航142.apk: 8 7 26 3 10 
出行导航143.apk: 8 7 3 12 9 4 10 6 21 25 
出行导航144.apk: 8 7 26 
出行导航145.apk: 4 7 
出行导航146.apk: 
出行导航147.apk: 
出行导航148.apk: 26 25 20 7 8 1 2 3 6 
出行导航149.apk: 26 25 
出行导航15.apk: 7 3 26 8 10 25 
出行导航150.apk: 26 25 
出行导航151.apk: 7 25 26 25 
出行导航152.apk: 8 
出行导航153.apk: 
出行导航154.apk: 4 6 12 26 7 8 18 21 20 25 10 
出行导航155.apk: 26 7 12 25 8 
出行导航156.apk: 26 12 7 1 2 8 
出行导航157.apk: 8 7 
出行导航158.apk: 
出行导航159.apk: 8 7 26 
出行导航16.apk: 8 7 25 26 
出行导航160.apk: 12 3 7 4 8 5 6 2 1 26 25 10 
出行导航161.apk: 26 8 7 
出行导航162.apk: 7 8 26 6 10 8 7 26 
出行导航163.apk: 7 
出行导航164.apk: 
出行导航165.apk: 7 26 25 25 
出行导航166.apk: 8 7 6 4 
出行导航167.apk: 8 7 10 26 
出行导航168.apk: 9 26 
出行导航169.apk: 4 3 26 25 9 8 7 18 6 10 
出行导航17.apk: 
出行导航170.apk: 7 
出行导航171.apk: 6 26 7 8 10 9 25 
出行导航172.apk: 26 25 8 7 
出行导航173.apk: 4 10 26 7 8 1 2 3 9 18 17 26 25 
出行导航174.apk: 26 8 7 6 25 10 
出行导航175.apk: 4 6 8 7 3 26 25 
出行导航176.apk: 4 8 7 26 6 2 1 
出行导航177.apk: 8 7 
出行导航178.apk: 26 8 7 
出行导航179.apk: 25 26 3 8 7 10 
出行导航18.apk: 3 7 
出行导航180.apk: 6 8 7 4 20 25 26 3 
出行导航181.apk: 8 7 
出行导航182.apk: 7 3 25 26 
出行导航183.apk: 26 8 7 6 
出行导航184.apk: 26 25 8 7 
出行导航185.apk: 26 25 9 
出行导航186.apk: 8 7 9 
出行导航187.apk: 
出行导航188.apk: 25 26 8 7 8 3 
出行导航189.apk: 6 25 7 8 
出行导航19.apk: 
出行导航190.apk: 6 8 7 3 26 25 10 
出行导航191.apk: 6 26 25 3 
出行导航192.apk: 8 7 9 6 
出行导航193.apk: 26 25 10 18 8 7 6 9 
出行导航194.apk: 9 8 7 26 3 6 
出行导航195.apk: 8 7 26 25 3 4 6 9 
出行导航196.apk: 26 25 8 6 3 
出行导航197.apk: 7 8 1 2 6 
出行导航198.apk: 
出行导航199.apk: 
出行导航2.apk: 25 26 7 8 12 
出行导航20.apk: 7 8 
出行导航200.apk: 12 10 7 26 4 9 3 2 1 25 6 8 
出行导航201.apk: 12 25 26 8 7 3 9 
出行导航202.apk: 7 8 26 6 
出行导航203.apk: 7 8 12 
出行导航204.apk: 26 8 6 25 
出行导航205.apk: 8 7 26 6 25 
出行导航206.apk: 21 7 8 3 4 5 10 9 22 26 1 2 12 25 6 
出行导航207.apk: 26 8 7 12 25 
出行导航208.apk: 8 7 6 10 26 3 
出行导航209.apk: 7 8 26 10 12 1 2 
出行导航21.apk: 9 26 25 8 6 1 2 3 
出行导航210.apk: 7 26 25 
出行导航211.apk: 25 26 10 3 8 7 
出行导航212.apk: 7 8 
出行导航213.apk: 7 8 10 26 9 3 25 
出行导航214.apk: 26 8 7 3 25 
出行导航215.apk: 26 25 8 7 10 4 5 12 21 22 20 1 2 3 
出行导航216.apk: 7 8 26 
出行导航217.apk: 8 7 7 1 2 26 25 3 9 
出行导航218.apk: 26 7 8 12 10 25 6 
出行导航219.apk: 26 10 8 7 9 3 25 
出行导航22.apk: 8 7 3 26 10 25 
出行导航220.apk: 7 8 3 10 21 25 26 
出行导航221.apk: 7 8 26 
出行导航222.apk: 3 10 25 26 6 12 7 21 8 
出行导航223.apk: 8 7 
出行导航224.apk: 8 26 25 
出行导航225.apk: 10 7 8 12 20 6 25 26 
出行导航226.apk: 8 7 12 6 10 26 25 
出行导航23.apk: 26 25 2 1 3 6 8 7 21 
出行导航24.apk: 7 8 26 
出行导航25.apk: 7 26 3 6 8 
出行导航26.apk: 1 2 7 26 3 
出行导航27.apk: 8 7 25 26 
出行导航28.apk: 10 6 26 25 
出行导航29.apk: 7 26 25 
出行导航3.apk: 2 26 12 8 7 25 6 10 
出行导航30.apk: 7 26 25 
出行导航31.apk: 7 26 25 
出行导航32.apk: 8 
出行导航33.apk: 8 26 7 25 
出行导航34.apk: 7 8 
出行导航35.apk: 7 1 2 
出行导航36.apk: 3 8 
出行导航37.apk: 7 8 10 12 26 9 6 
出行导航38.apk: 26 7 8 6 
出行导航39.apk: 8 7 10 21 26 25 20 22 
出行导航4.apk: 8 7 26 25 
出行导航40.apk: 
出行导航41.apk: 7 20 4 
出行导航42.apk: 7 8 6 4 25 26 3 9 
出行导航43.apk: 8 7 25 
出行导航44.apk: 7 26 25 5 6 10 18 4 
出行导航45.apk: 8 7 26 6 3 10 
出行导航46.apk: 3 25 26 7 8 6 4 5 
出行导航47.apk: 7 26 25 8 7 3 
出行导航48.apk: 26 7 25 
出行导航49.apk: 7 12 6 1 2 10 26 8 
出行导航5.apk: 9 7 8 6 26 21 10 25 12 22 20 4 
出行导航50.apk: 8 26 7 3 12 6 4 20 21 
出行导航51.apk: 8 7 26 25 6 
出行导航52.apk: 7 4 
出行导航53.apk: 7 3 26 25 8 
出行导航54.apk: 7 
出行导航55.apk: 7 8 1 2 3 
出行导航56.apk: 8 7 26 6 
出行导航57.apk: 3 6 7 8 26 25 
出行导航58.apk: 8 7 25 26 6 
出行导航59.apk: 7 26 8 10 
出行导航6.apk: 26 7 
出行导航60.apk: 26 7 25 
出行导航61.apk: 8 7 12 6 1 2 10 26 
出行导航62.apk: 8 7 
出行导航63.apk: 26 8 7 10 9 
出行导航64.apk: 7 8 26 6 
出行导航65.apk: 
出行导航66.apk: 6 25 26 8 7 3 
出行导航67.apk: 7 6 
出行导航68.apk: 7 8 26 
出行导航69.apk: 12 7 8 26 25 
出行导航7.apk: 7 8 26 6 3 10 25 
出行导航70.apk: 7 
出行导航71.apk: 8 7 25 26 
出行导航72.apk: 25 26 7 
出行导航73.apk: 7 8 26 25 3 6 
出行导航74.apk: 8 7 26 25 
出行导航75.apk: 26 7 
出行导航76.apk: 8 7 12 4 26 10 
出行导航77.apk: 25 26 8 7 1 2 6 
出行导航78.apk: 26 4 10 25 3 
出行导航79.apk: 8 7 26 6 
出行导航8.apk: 8 7 26 1 3 25 
出行导航80.apk: 8 3 
出行导航81.apk: 26 25 7 9 3 10 
出行导航82.apk: 8 7 26 6 25 
出行导航83.apk: 8 7 10 25 26 9 
出行导航84.apk: 7 26 25 
出行导航85.apk: 7 8 26 6 3 10 4 
出行导航86.apk: 26 10 25 7 8 3 
出行导航87.apk: 8 7 6 25 26 3 12 
出行导航88.apk: 10 6 8 7 
出行导航89.apk: 1 2 26 25 7 12 3 10 8 
出行导航9.apk: 7 1 2 3 12 4 26 25 
出行导航90.apk: 3 8 7 6 9 26 
出行导航91.apk: 8 7 10 25 26 21 22 6 
出行导航92.apk: 20 21 22 10 7 8 6 26 4 25 3 
出行导航93.apk: 22 21 7 8 26 12 10 6 
出行导航94.apk: 7 8 22 21 10 25 26 
出行导航95.apk: 6 25 26 10 7 8 8 7 6 10 26 
出行导航96.apk: 7 8 25 26 
出行导航97.apk: 9 7 
出行导航98.apk: 7 8 9 26 10 3 25 
出行导航99.apk: 7 8 26 
