车辆和交通1.apk: 12 26 25 3 10 
车辆和交通10.apk: 26 8 7 12 4 14 10 18 1 20 21 22 9 6 25 
车辆和交通100.apk: 
车辆和交通101.apk: 
车辆和交通102.apk: 
车辆和交通103.apk: 8 7 26 25 10 12 
车辆和交通104.apk: 8 7 10 26 
车辆和交通105.apk: 8 
车辆和交通106.apk: 10 18 
车辆和交通107.apk: 4 10 7 8 26 25 25 
车辆和交通108.apk: 6 
车辆和交通109.apk: 26 6 25 25 3 
车辆和交通11.apk: 8 7 25 26 3 
车辆和交通110.apk: 26 6 9 25 
车辆和交通111.apk: 3 25 26 
车辆和交通112.apk: 6 8 7 26 
车辆和交通113.apk: 26 3 7 
车辆和交通114.apk: 6 8 7 10 
车辆和交通115.apk: 10 26 25 3 
车辆和交通116.apk: 25 26 10 12 18 7 8 3 9 
车辆和交通117.apk: 8 7 24 21 22 25 26 
车辆和交通118.apk: 8 7 26 25 3 
车辆和交通119.apk: 12 8 7 26 25 
车辆和交通12.apk: 8 6 10 26 25 25 7 
车辆和交通120.apk: 8 7 10 26 4 5 3 6 
车辆和交通121.apk: 7 26 25 
车辆和交通122.apk: 6 25 10 7 8 26 3 
车辆和交通123.apk: 25 26 21 20 12 10 
车辆和交通124.apk: 26 6 10 8 7 25 12 
车辆和交通13.apk: 8 3 10 26 
车辆和交通14.apk: 
车辆和交通15.apk: 10 12 20 25 26 8 7 3 
车辆和交通16.apk: 12 4 14 7 8 10 26 21 20 
车辆和交通17.apk: 1 2 26 25 6 
车辆和交通18.apk: 4 7 12 26 9 10 20 21 22 
车辆和交通19.apk: 7 8 26 25 
车辆和交通2.apk: 26 7 
车辆和交通20.apk: 26 7 8 9 
车辆和交通21.apk: 8 7 25 26 
车辆和交通22.apk: 8 6 7 12 26 21 10 
车辆和交通23.apk: 3 26 8 7 9 6 10 12 4 20 
车辆和交通24.apk: 10 8 7 26 12 25 3 
车辆和交通25.apk: 3 6 26 5 4 7 8 10 9 1 2 25 21 22 20 
车辆和交通26.apk: 26 6 10 7 8 4 
车辆和交通27.apk: 9 7 8 26 25 
车辆和交通28.apk: 26 25 
车辆和交通29.apk: 25 
车辆和交通3.apk: 25 26 3 
车辆和交通30.apk: 7 
车辆和交通31.apk: 8 7 3 9 26 
车辆和交通32.apk: 1 4 5 6 7 8 9 10 12 14 15 18 20 21 22 25 26 
车辆和交通33.apk: 7 26 
车辆和交通34.apk: 7 26 10 12 20 8 25 
车辆和交通35.apk: 8 7 4 
车辆和交通36.apk: 26 12 7 8 
车辆和交通37.apk: 
车辆和交通38.apk: 6 8 7 
车辆和交通39.apk: 3 
车辆和交通4.apk: 10 12 14 4 6 7 21 20 9 1 
车辆和交通40.apk: 7 26 6 
车辆和交通41.apk: 8 7 
车辆和交通42.apk: 26 25 6 
车辆和交通43.apk: 25 26 
车辆和交通44.apk: 8 6 12 26 10 21 
车辆和交通45.apk: 8 7 
车辆和交通46.apk: 8 7 
车辆和交通47.apk: 8 7 26 10 
车辆和交通48.apk: 
车辆和交通49.apk: 8 7 26 6 10 
车辆和交通5.apk: 
车辆和交通50.apk: 26 8 7 
车辆和交通51.apk: 26 25 3 
车辆和交通52.apk: 8 26 7 
车辆和交通53.apk: 8 7 10 26 6 12 3 
车辆和交通54.apk: 26 25 
车辆和交通55.apk: 26 10 6 7 
车辆和交通56.apk: 7 8 26 12 21 22 4 5 
车辆和交通57.apk: 8 7 10 4 26 25 
车辆和交通58.apk: 7 26 25 
车辆和交通59.apk: 8 7 25 26 3 
车辆和交通6.apk: 7 8 12 25 10 6 26 3 
车辆和交通60.apk: 25 26 8 7 
车辆和交通61.apk: 26 
车辆和交通62.apk: 26 25 7 
车辆和交通63.apk: 7 8 
车辆和交通64.apk: 7 
车辆和交通65.apk: 8 26 25 
车辆和交通66.apk: 21 26 25 7 
车辆和交通67.apk: 12 26 3 25 6 20 21 8 7 10 
车辆和交通68.apk: 26 8 7 
车辆和交通69.apk: 
车辆和交通7.apk: 7 8 25 
车辆和交通70.apk: 26 25 7 9 
车辆和交通71.apk: 
车辆和交通72.apk: 
车辆和交通73.apk: 21 12 8 7 4 26 25 10 
车辆和交通74.apk: 8 7 26 25 9 
车辆和交通75.apk: 10 12 26 25 7 8 21 
车辆和交通76.apk: 12 21 10 25 26 7 8 
车辆和交通77.apk: 8 7 
车辆和交通78.apk: 7 8 
车辆和交通79.apk: 7 25 
车辆和交通8.apk: 3 9 26 25 7 8 6 10 
车辆和交通80.apk: 10 26 25 8 7 12 
车辆和交通81.apk: 25 26 8 7 20 21 8 
车辆和交通82.apk: 10 26 25 6 
车辆和交通83.apk: 26 
车辆和交通84.apk: 26 10 12 8 7 6 
车辆和交通85.apk: 8 7 26 
车辆和交通86.apk: 20 12 21 22 8 7 10 
车辆和交通87.apk: 10 6 12 
车辆和交通88.apk: 
车辆和交通89.apk: 8 7 10 12 26 
车辆和交通9.apk: 7 8 3 9 26 6 
车辆和交通90.apk: 
车辆和交通91.apk: 8 7 10 12 6 26 
车辆和交通92.apk: 
车辆和交通93.apk: 26 6 8 7 
车辆和交通94.apk: 7 26 3 
车辆和交通95.apk: 8 7 12 10 26 6 8 
车辆和交通96.apk: 
车辆和交通97.apk: 25 26 7 8 
车辆和交通98.apk: 26 
车辆和交通99.apk: 26 25 10 
