新闻杂志1.apk: 26 25 
新闻杂志10.apk: 26 10 6 6 6 
新闻杂志100.apk: 26 10 25 25 
新闻杂志101.apk: 4 10 7 26 25 3 
新闻杂志102.apk: 
新闻杂志103.apk: 25 26 
新闻杂志104.apk: 26 
新闻杂志105.apk: 26 8 7 3 10 6 
新闻杂志106.apk: 26 4 6 25 
新闻杂志107.apk: 25 26 
新闻杂志108.apk: 26 6 8 10 
新闻杂志109.apk: 10 25 
新闻杂志11.apk: 8 7 25 26 4 
新闻杂志110.apk: 26 25 8 7 
新闻杂志111.apk: 26 10 25 
新闻杂志112.apk: 25 26 
新闻杂志113.apk: 10 6 25 26 7 9 22 21 8 
新闻杂志114.apk: 26 25 
新闻杂志115.apk: 26 
新闻杂志116.apk: 26 3 9 6 
新闻杂志117.apk: 
新闻杂志118.apk: 6 25 26 
新闻杂志119.apk: 25 26 6 8 
新闻杂志12.apk: 26 
新闻杂志120.apk: 8 26 25 
新闻杂志121.apk: 26 
新闻杂志122.apk: 
新闻杂志123.apk: 26 6 25 25 
新闻杂志124.apk: 8 26 10 7 6 
新闻杂志125.apk: 26 10 
新闻杂志126.apk: 7 8 26 
新闻杂志127.apk: 
新闻杂志128.apk: 26 10 25 
新闻杂志129.apk: 6 6 12 4 1 26 8 7 10 26 8 25 8 7 5 8 7 
新闻杂志13.apk: 6 
新闻杂志130.apk: 8 7 26 
新闻杂志131.apk: 7 8 
新闻杂志132.apk: 26 
新闻杂志133.apk: 26 25 25 
新闻杂志134.apk: 26 
新闻杂志135.apk: 
新闻杂志136.apk: 
新闻杂志137.apk: 8 26 
新闻杂志138.apk: 6 
新闻杂志139.apk: 
新闻杂志14.apk: 6 
新闻杂志140.apk: 10 26 25 
新闻杂志141.apk: 6 25 26 
新闻杂志142.apk: 8 
新闻杂志143.apk: 26 25 
新闻杂志144.apk: 6 26 
新闻杂志145.apk: 7 10 8 6 25 26 25 
新闻杂志146.apk: 10 25 26 25 
新闻杂志147.apk: 26 25 3 10 
新闻杂志148.apk: 26 6 3 
新闻杂志149.apk: 6 26 25 25 
新闻杂志15.apk: 6 
新闻杂志150.apk: 25 26 3 9 
新闻杂志151.apk: 25 26 3 9 
新闻杂志152.apk: 25 26 3 9 
新闻杂志153.apk: 25 26 3 9 
新闻杂志154.apk: 26 
新闻杂志155.apk: 
新闻杂志156.apk: 10 6 8 7 26 
新闻杂志157.apk: 8 7 25 26 
新闻杂志158.apk: 25 26 7 10 
新闻杂志159.apk: 26 7 
新闻杂志16.apk: 26 
新闻杂志160.apk: 25 26 
新闻杂志161.apk: 4 21 6 7 26 10 3 9 8 25 
新闻杂志162.apk: 26 8 7 10 25 
新闻杂志163.apk: 10 26 8 7 
新闻杂志164.apk: 7 
新闻杂志165.apk: 10 8 7 6 25 
新闻杂志166.apk: 26 10 7 12 8 3 25 9 
新闻杂志167.apk: 6 8 7 25 26 10 
新闻杂志168.apk: 26 3 9 6 
新闻杂志169.apk: 10 26 25 21 
新闻杂志17.apk: 
新闻杂志170.apk: 7 26 25 
新闻杂志171.apk: 26 
新闻杂志172.apk: 25 26 
新闻杂志173.apk: 7 
新闻杂志174.apk: 26 8 7 9 6 
新闻杂志175.apk: 7 
新闻杂志176.apk: 26 25 
新闻杂志177.apk: 25 26 25 6 
新闻杂志178.apk: 7 25 26 25 6 
新闻杂志179.apk: 3 25 8 7 10 26 25 6 
新闻杂志18.apk: 26 25 
新闻杂志180.apk: 26 25 6 
新闻杂志181.apk: 26 
新闻杂志182.apk: 10 26 6 
新闻杂志183.apk: 26 
新闻杂志184.apk: 7 6 8 26 25 
新闻杂志185.apk: 
新闻杂志186.apk: 6 
新闻杂志187.apk: 6 7 8 
新闻杂志188.apk: 25 26 
新闻杂志189.apk: 25 26 7 8 
新闻杂志19.apk: 7 
新闻杂志190.apk: 3 26 7 
新闻杂志191.apk: 26 25 3 9 10 
新闻杂志192.apk: 26 
新闻杂志193.apk: 26 
新闻杂志194.apk: 26 
新闻杂志195.apk: 8 10 
新闻杂志196.apk: 26 6 12 
新闻杂志197.apk: 
新闻杂志198.apk: 26 25 
新闻杂志199.apk: 26 10 7 12 25 3 
新闻杂志2.apk: 10 6 26 25 
新闻杂志20.apk: 26 25 
新闻杂志200.apk: 26 10 25 
新闻杂志201.apk: 9 25 26 10 10 
新闻杂志202.apk: 25 26 10 
新闻杂志203.apk: 9 26 10 8 3 7 25 6 
新闻杂志204.apk: 3 7 8 26 10 9 6 25 
新闻杂志205.apk: 26 7 25 3 
新闻杂志206.apk: 
新闻杂志207.apk: 10 26 25 9 3 
新闻杂志208.apk: 8 7 
新闻杂志21.apk: 26 6 
新闻杂志22.apk: 3 26 
新闻杂志23.apk: 25 26 
新闻杂志24.apk: 26 25 8 
新闻杂志25.apk: 3 9 26 8 7 
新闻杂志26.apk: 26 25 3 6 10 8 7 
新闻杂志27.apk: 26 25 9 3 
新闻杂志28.apk: 10 6 26 
新闻杂志29.apk: 26 10 6 25 8 7 3 9 
新闻杂志3.apk: 26 7 6 10 10 6 25 
新闻杂志30.apk: 10 26 12 6 
新闻杂志31.apk: 26 25 
新闻杂志32.apk: 8 26 25 
新闻杂志33.apk: 26 4 9 3 25 
新闻杂志34.apk: 26 6 10 8 7 
新闻杂志35.apk: 
新闻杂志36.apk: 26 25 
新闻杂志37.apk: 8 
新闻杂志38.apk: 26 25 8 7 
新闻杂志39.apk: 8 7 26 
新闻杂志4.apk: 8 26 6 
新闻杂志40.apk: 8 7 10 26 25 
新闻杂志41.apk: 8 6 26 
新闻杂志42.apk: 8 6 26 22 7 21 20 10 25 
新闻杂志43.apk: 7 8 6 
新闻杂志44.apk: 26 
新闻杂志45.apk: 8 7 26 26 10 6 3 
新闻杂志46.apk: 8 26 
新闻杂志47.apk: 26 
新闻杂志48.apk: 26 6 25 
新闻杂志49.apk: 6 
新闻杂志5.apk: 10 7 6 8 26 25 
新闻杂志50.apk: 26 25 
新闻杂志51.apk: 25 26 6 26 10 
新闻杂志52.apk: 7 8 26 25 
新闻杂志53.apk: 
新闻杂志54.apk: 26 10 18 
新闻杂志55.apk: 8 26 25 3 
新闻杂志56.apk: 10 26 25 
新闻杂志57.apk: 10 8 7 3 4 1 2 25 9 26 
新闻杂志58.apk: 8 26 10 25 
新闻杂志59.apk: 26 6 8 7 4 
新闻杂志6.apk: 7 6 26 10 25 
新闻杂志60.apk: 25 26 
新闻杂志61.apk: 
新闻杂志62.apk: 26 25 
新闻杂志63.apk: 6 25 1 2 26 
新闻杂志64.apk: 6 25 26 
新闻杂志65.apk: 26 8 
新闻杂志66.apk: 6 26 
新闻杂志67.apk: 10 26 6 25 
新闻杂志68.apk: 10 26 
新闻杂志69.apk: 25 26 10 8 7 3 9 21 22 6 
新闻杂志7.apk: 8 26 4 25 6 
新闻杂志70.apk: 8 7 26 25 10 6 4 12 21 22 3 9 
新闻杂志71.apk: 26 
新闻杂志72.apk: 26 6 25 
新闻杂志73.apk: 8 7 26 
新闻杂志74.apk: 26 
新闻杂志75.apk: 26 
新闻杂志76.apk: 26 
新闻杂志77.apk: 26 
新闻杂志78.apk: 7 6 10 26 
新闻杂志79.apk: 6 26 10 
新闻杂志8.apk: 10 26 20 21 22 7 8 6 25 
新闻杂志80.apk: 8 7 26 25 6 
新闻杂志81.apk: 
新闻杂志82.apk: 
新闻杂志83.apk: 10 26 6 6 
新闻杂志84.apk: 8 7 
新闻杂志85.apk: 26 25 6 7 8 3 9 
新闻杂志86.apk: 25 26 3 9 
新闻杂志87.apk: 
新闻杂志88.apk: 7 26 6 25 
新闻杂志89.apk: 8 26 
新闻杂志9.apk: 8 6 4 25 26 
新闻杂志90.apk: 26 10 25 6 9 8 7 4 
新闻杂志91.apk: 8 26 6 25 
新闻杂志92.apk: 7 
新闻杂志93.apk: 26 25 
新闻杂志94.apk: 26 25 6 8 
新闻杂志95.apk: 26 
新闻杂志96.apk: 8 
新闻杂志97.apk: 8 26 7 
新闻杂志98.apk: 26 25 6 8 
新闻杂志99.apk: 25 26 10 
