地图和导航1.apk: 7 26 25 8 
地图和导航10.apk: 8 7 26 
地图和导航100.apk: 7 3 26 12 
地图和导航101.apk: 25 26 7 8 
地图和导航102.apk: 7 8 26 25 
地图和导航103.apk: 7 8 26 25 
地图和导航104.apk: 7 8 26 25 
地图和导航105.apk: 8 7 26 3 
地图和导航106.apk: 8 7 12 20 
地图和导航107.apk: 8 7 10 12 26 6 
地图和导航108.apk: 7 8 26 
地图和导航109.apk: 21 22 12 26 8 7 10 6 20 25 
地图和导航11.apk: 7 8 12 10 3 25 3 26 4 9 
地图和导航110.apk: 25 26 22 21 8 7 10 12 3 
地图和导航111.apk: 8 7 10 25 26 
地图和导航112.apk: 26 26 7 
地图和导航113.apk: 7 3 26 25 8 
地图和导航114.apk: 26 8 7 
地图和导航115.apk: 7 8 10 25 26 21 22 3 10 
地图和导航116.apk: 7 8 26 12 6 
地图和导航117.apk: 10 26 
地图和导航118.apk: 7 
地图和导航119.apk: 7 8 10 9 
地图和导航12.apk: 10 8 7 1 6 3 26 
地图和导航120.apk: 8 7 26 
地图和导航121.apk: 8 7 3 
地图和导航122.apk: 7 8 26 10 12 14 1 2 4 22 20 21 3 6 9 18 25 
地图和导航123.apk: 26 8 7 
地图和导航124.apk: 3 6 7 8 4 26 25 12 10 
地图和导航125.apk: 8 7 
地图和导航126.apk: 26 4 7 8 10 6 9 25 14 
地图和导航127.apk: 26 8 7 4 10 3 6 25 
地图和导航128.apk: 26 7 8 
地图和导航129.apk: 
地图和导航13.apk: 8 7 
地图和导航130.apk: 7 8 25 26 
地图和导航131.apk: 7 8 25 26 
地图和导航132.apk: 7 26 10 25 8 
地图和导航133.apk: 6 8 7 10 25 26 3 9 
地图和导航134.apk: 8 7 26 25 9 
地图和导航135.apk: 7 26 
地图和导航136.apk: 26 7 8 25 
地图和导航137.apk: 26 8 7 
地图和导航138.apk: 26 25 
地图和导航139.apk: 8 7 
地图和导航14.apk: 10 7 8 8 7 7 26 25 
地图和导航140.apk: 26 
地图和导航141.apk: 7 8 10 26 4 9 3 6 
地图和导航142.apk: 8 7 12 3 18 25 14 4 10 22 21 23 9 26 20 6 
地图和导航143.apk: 8 26 7 25 
地图和导航144.apk: 8 26 7 
地图和导航145.apk: 
地图和导航146.apk: 8 7 26 
地图和导航147.apk: 8 26 7 
地图和导航148.apk: 6 8 7 25 10 12 21 3 
地图和导航149.apk: 6 4 25 26 10 12 6 
地图和导航15.apk: 7 2 4 14 12 20 22 21 6 3 8 26 10 
地图和导航150.apk: 7 8 26 
地图和导航151.apk: 3 25 26 7 10 4 9 8 
地图和导航152.apk: 8 7 
地图和导航153.apk: 7 26 
地图和导航154.apk: 26 10 7 
地图和导航155.apk: 25 26 7 8 
地图和导航156.apk: 26 25 8 7 6 4 1 
地图和导航157.apk: 26 8 7 6 
地图和导航158.apk: 8 7 
地图和导航159.apk: 7 8 25 26 
地图和导航16.apk: 25 26 8 7 
地图和导航160.apk: 8 7 
地图和导航161.apk: 8 7 26 
地图和导航162.apk: 26 8 7 6 3 12 
地图和导航163.apk: 7 8 
地图和导航164.apk: 3 6 8 7 10 26 25 4 
地图和导航165.apk: 8 7 26 9 3 21 22 10 4 5 1 6 25 
地图和导航166.apk: 7 8 26 3 25 
地图和导航167.apk: 7 8 8 9 26 8 
地图和导航168.apk: 9 7 25 8 
地图和导航169.apk: 8 26 7 
地图和导航17.apk: 21 20 
地图和导航170.apk: 8 7 26 6 
地图和导航171.apk: 7 26 25 
地图和导航172.apk: 8 7 4 3 
地图和导航173.apk: 8 7 25 26 3 
地图和导航174.apk: 12 26 8 7 
地图和导航175.apk: 12 10 7 26 6 8 25 25 
地图和导航176.apk: 4 7 3 26 8 10 25 
地图和导航177.apk: 26 10 7 8 6 9 25 
地图和导航178.apk: 6 7 8 26 
地图和导航179.apk: 26 8 7 
地图和导航18.apk: 25 7 6 
地图和导航180.apk: 26 25 
地图和导航181.apk: 10 25 26 7 8 21 3 
地图和导航182.apk: 
地图和导航183.apk: 8 7 26 21 6 25 
地图和导航184.apk: 8 26 7 
地图和导航185.apk: 7 10 26 12 3 9 6 
地图和导航186.apk: 7 26 
地图和导航187.apk: 26 10 1 2 
地图和导航188.apk: 9 12 10 4 20 26 7 8 3 5 1 2 22 25 
地图和导航189.apk: 8 7 26 25 3 
地图和导航19.apk: 21 22 10 12 3 6 26 25 9 
地图和导航190.apk: 7 8 
地图和导航191.apk: 7 8 26 25 10 12 21 3 1 2 6 
地图和导航192.apk: 26 12 10 8 7 6 
地图和导航193.apk: 25 26 
地图和导航194.apk: 10 25 26 7 8 21 12 6 3 9 
地图和导航2.apk: 7 8 
地图和导航20.apk: 26 8 7 6 10 3 
地图和导航21.apk: 26 25 6 7 8 
地图和导航22.apk: 26 8 7 6 3 10 12 21 22 
地图和导航23.apk: 7 
地图和导航24.apk: 6 8 7 
地图和导航25.apk: 7 10 21 26 
地图和导航26.apk: 7 
地图和导航27.apk: 26 8 7 4 3 25 
地图和导航28.apk: 8 7 
地图和导航29.apk: 7 8 25 26 
地图和导航3.apk: 8 
地图和导航30.apk: 7 8 26 25 
地图和导航31.apk: 12 7 8 
地图和导航32.apk: 7 8 26 4 3 9 6 
地图和导航33.apk: 8 7 10 
地图和导航34.apk: 7 4 3 6 25 26 25 
地图和导航35.apk: 8 7 
地图和导航36.apk: 25 26 7 8 10 12 4 21 3 
地图和导航37.apk: 4 14 25 7 26 8 12 6 21 3 
地图和导航38.apk: 7 8 
地图和导航39.apk: 8 7 
地图和导航4.apk: 7 22 21 8 
地图和导航40.apk: 3 8 7 26 10 
地图和导航41.apk: 7 8 3 26 25 4 5 10 12 4 14 22 21 15 18 
地图和导航42.apk: 7 8 
地图和导航43.apk: 7 8 26 4 3 9 6 
地图和导航44.apk: 7 
地图和导航45.apk: 7 
地图和导航46.apk: 7 8 
地图和导航47.apk: 7 
地图和导航48.apk: 7 8 25 
地图和导航49.apk: 7 8 
地图和导航5.apk: 8 7 26 4 5 6 
地图和导航50.apk: 7 
地图和导航51.apk: 10 8 7 12 
地图和导航52.apk: 7 
地图和导航53.apk: 10 8 7 26 25 
地图和导航54.apk: 
地图和导航55.apk: 7 8 26 
地图和导航56.apk: 8 7 25 26 10 12 
地图和导航57.apk: 8 7 25 26 3 4 
地图和导航58.apk: 12 10 7 8 26 6 
地图和导航59.apk: 
地图和导航6.apk: 7 26 25 
地图和导航60.apk: 7 8 26 25 
地图和导航61.apk: 7 8 25 26 
地图和导航62.apk: 7 25 26 3 
地图和导航63.apk: 7 26 25 10 6 9 21 8 
地图和导航64.apk: 7 8 
地图和导航65.apk: 8 26 7 
地图和导航66.apk: 25 26 7 8 4 10 6 
地图和导航67.apk: 7 26 8 
地图和导航68.apk: 25 26 
地图和导航69.apk: 12 25 8 7 9 26 10 
地图和导航7.apk: 8 7 
地图和导航70.apk: 4 26 8 7 9 10 
地图和导航71.apk: 
地图和导航72.apk: 7 4 6 10 22 21 12 26 25 3 
地图和导航73.apk: 8 7 
地图和导航74.apk: 8 7 26 6 
地图和导航75.apk: 26 8 7 10 25 3 
地图和导航76.apk: 7 8 7 26 
地图和导航77.apk: 26 6 9 8 7 
地图和导航78.apk: 8 7 12 3 4 25 10 26 20 21 6 
地图和导航79.apk: 8 7 12 3 4 25 10 26 1 20 21 6 
地图和导航8.apk: 7 8 26 20 
地图和导航80.apk: 7 10 26 25 25 
地图和导航81.apk: 26 8 7 8 
地图和导航82.apk: 7 8 26 10 4 5 6 
地图和导航83.apk: 8 7 26 25 
地图和导航84.apk: 
地图和导航85.apk: 7 8 
地图和导航86.apk: 25 26 8 7 12 
地图和导航87.apk: 7 8 26 25 10 
地图和导航88.apk: 4 7 9 26 25 8 8 
地图和导航89.apk: 7 8 26 25 4 
地图和导航9.apk: 26 7 3 
地图和导航90.apk: 8 7 26 9 
地图和导航91.apk: 7 8 
地图和导航92.apk: 8 7 26 3 9 
地图和导航93.apk: 7 8 3 26 25 4 5 10 12 4 14 22 21 14 15 18 8 7 26 8 
地图和导航94.apk: 3 8 7 26 7 10 26 25 
地图和导航95.apk: 26 7 8 6 
地图和导航96.apk: 26 7 
地图和导航97.apk: 6 26 25 7 8 
地图和导航98.apk: 8 7 10 26 21 6 25 
地图和导航99.apk: 3 26 8 7 
