社交1.apk: 25 26 10 9 3 
社交10.apk: 25 26 8 7 10 6 4 9 3 
社交100.apk: 26 7 6 5 4 1 3 9 
社交101.apk: 26 3 9 10 6 4 
社交102.apk: 8 7 
社交103.apk: 3 25 26 7 8 9 10 21 
社交104.apk: 7 8 3 6 25 10 9 26 
社交105.apk: 3 10 26 7 6 8 25 18 9 
社交106.apk: 25 26 3 
社交107.apk: 10 26 25 9 3 18 7 8 6 
社交108.apk: 7 8 26 3 9 25 
社交109.apk: 26 7 8 25 
社交11.apk: 3 9 26 25 
社交110.apk: 6 26 25 8 7 9 3 
社交111.apk: 6 7 26 1 2 
社交112.apk: 7 25 26 3 9 4 
社交113.apk: 10 25 3 9 26 7 8 1 2 
社交114.apk: 26 25 
社交115.apk: 25 26 7 10 
社交116.apk: 26 25 
社交117.apk: 20 10 26 25 9 19 3 8 6 7 21 
社交118.apk: 3 14 12 21 9 10 4 26 6 18 25 20 
社交119.apk: 8 7 26 25 9 3 10 
社交12.apk: 12 10 6 26 
社交120.apk: 26 25 
社交121.apk: 26 9 3 10 
社交122.apk: 10 7 26 8 18 9 3 25 25 
社交123.apk: 26 25 3 10 
社交124.apk: 10 18 7 26 8 19 12 3 6 1 14 4 25 22 24 21 23 9 20 17 2 15 5 16 6 
社交125.apk: 3 9 26 25 
社交126.apk: 
社交127.apk: 10 25 26 3 9 4 18 6 
社交128.apk: 8 7 25 26 3 9 
社交129.apk: 8 7 25 26 10 6 
社交13.apk: 4 26 25 10 6 3 9 
社交130.apk: 26 1 2 8 7 25 10 
社交131.apk: 3 9 6 4 25 10 7 21 26 8 
社交132.apk: 8 7 3 25 10 22 21 9 20 26 
社交133.apk: 26 9 3 10 21 22 6 8 7 4 5 1 2 25 
社交134.apk: 8 6 9 3 26 4 25 10 7 
社交135.apk: 25 26 8 7 
社交136.apk: 8 7 19 12 3 6 18 1 14 4 25 10 22 24 21 23 9 20 17 2 15 5 26 16 
社交137.apk: 8 7 4 26 6 10 9 3 
社交138.apk: 26 25 3 4 9 7 8 
社交139.apk: 26 3 4 6 7 25 
社交14.apk: 3 26 25 9 10 
社交140.apk: 26 25 
社交141.apk: 25 26 6 8 7 
社交142.apk: 26 25 3 
社交143.apk: 26 
社交144.apk: 26 8 10 
社交145.apk: 26 8 6 25 
社交146.apk: 8 7 3 26 25 9 
社交147.apk: 26 10 3 12 9 8 7 6 
社交148.apk: 26 25 25 
社交149.apk: 6 26 25 3 9 
社交15.apk: 25 26 8 7 10 6 4 9 3 
社交150.apk: 26 3 9 10 25 4 
社交151.apk: 25 26 
社交152.apk: 25 26 
社交153.apk: 25 26 
社交154.apk: 26 
社交155.apk: 7 26 25 3 6 9 
社交156.apk: 10 25 21 3 26 8 
社交157.apk: 26 25 
社交158.apk: 9 10 8 26 25 3 4 20 
社交159.apk: 25 26 8 7 6 
社交16.apk: 12 10 6 26 
社交160.apk: 6 8 7 26 10 3 9 25 
社交161.apk: 9 10 25 26 
社交162.apk: 6 26 25 7 9 3 21 10 4 5 
社交163.apk: 3 4 7 9 10 21 26 6 25 
社交164.apk: 10 26 3 9 8 7 6 4 20 
社交165.apk: 6 26 
社交166.apk: 26 25 3 10 9 6 4 18 8 7 
社交167.apk: 9 3 8 7 26 25 6 4 10 
社交168.apk: 9 3 8 7 25 26 
社交169.apk: 25 26 10 9 3 8 7 20 
社交17.apk: 25 26 3 9 4 7 
社交170.apk: 6 25 26 
社交171.apk: 10 3 7 8 25 26 6 9 
社交172.apk: 6 8 7 3 9 4 21 26 10 25 
社交173.apk: 3 26 25 10 8 7 9 21 22 20 4 
社交174.apk: 10 4 25 26 7 8 6 3 9 8 
社交175.apk: 26 25 10 8 9 3 1 2 12 26 25 3 
社交176.apk: 21 26 9 3 18 10 4 14 20 22 24 6 5 7 8 25 
社交177.apk: 8 7 10 4 26 6 25 
社交178.apk: 26 10 25 
社交179.apk: 3 7 8 25 26 9 4 10 18 
社交18.apk: 26 6 5 4 2 1 8 7 25 
社交180.apk: 8 7 12 14 15 9 21 26 25 6 4 5 10 3 
社交181.apk: 4 26 25 10 8 6 9 12 5 20 22 21 24 14 15 
社交182.apk: 7 4 26 25 10 8 6 9 12 5 20 22 21 24 14 15 
社交183.apk: 9 8 7 3 18 12 10 6 4 5 26 25 
社交184.apk: 3 25 26 9 5 4 12 10 7 8 14 15 6 
社交185.apk: 8 4 5 10 26 9 12 3 14 15 21 20 22 24 6 18 25 
社交186.apk: 4 6 25 26 10 24 22 20 21 14 15 5 12 9 18 17 8 7 3 
社交187.apk: 22 3 25 26 4 20 
社交188.apk: 10 6 26 
社交189.apk: 6 26 4 3 8 
社交19.apk: 8 7 4 25 22 9 5 26 6 3 
社交190.apk: 26 10 6 21 22 7 3 9 8 25 
社交191.apk: 8 7 25 26 6 
社交192.apk: 3 26 6 9 
社交193.apk: 6 3 9 25 26 10 21 
社交194.apk: 
社交195.apk: 26 25 10 3 9 7 8 6 
社交196.apk: 26 25 10 3 9 7 8 6 
社交197.apk: 25 26 4 21 3 7 8 9 
社交198.apk: 3 9 7 8 26 6 10 25 
社交199.apk: 9 26 8 7 
社交2.apk: 26 25 8 7 
社交20.apk: 9 26 3 4 5 7 8 22 10 6 12 
社交200.apk: 10 26 25 9 3 7 8 
社交201.apk: 7 8 10 26 12 6 
社交202.apk: 10 6 25 26 3 
社交203.apk: 6 26 9 
社交204.apk: 10 26 3 9 7 25 
社交205.apk: 25 26 4 6 
社交206.apk: 26 25 7 26 8 3 10 
社交207.apk: 26 25 7 26 8 3 10 
社交208.apk: 26 25 7 26 8 3 10 
社交209.apk: 26 25 7 
社交21.apk: 26 25 6 
社交210.apk: 26 25 7 26 8 
社交211.apk: 7 8 26 25 18 9 3 6 10 
社交212.apk: 6 25 26 7 9 3 
社交213.apk: 8 7 3 10 26 6 
社交214.apk: 8 26 
社交215.apk: 26 25 3 9 4 10 
社交216.apk: 3 9 25 26 6 8 10 
社交217.apk: 4 6 3 9 26 10 8 7 25 
社交218.apk: 8 7 3 4 25 10 20 26 9 
社交219.apk: 9 3 26 25 
社交22.apk: 26 25 4 10 6 12 8 7 9 3 
社交220.apk: 25 26 10 21 3 
社交221.apk: 9 10 18 26 3 25 3 25 7 8 6 1 2 4 5 20 22 
社交222.apk: 10 26 25 8 7 9 3 18 
社交223.apk: 26 9 3 10 25 7 8 
社交224.apk: 25 26 10 6 21 
社交225.apk: 25 26 9 7 8 4 10 3 
社交226.apk: 8 10 26 7 25 
社交227.apk: 8 7 7 8 3 9 25 26 10 4 18 12 
社交228.apk: 6 26 25 10 21 3 12 9 
社交229.apk: 7 8 10 26 3 9 25 6 6 26 25 
社交23.apk: 9 8 7 10 26 18 6 3 25 
社交230.apk: 10 26 3 6 25 25 
社交231.apk: 10 21 6 26 9 25 
社交232.apk: 10 6 22 26 25 
社交233.apk: 10 
社交234.apk: 26 3 4 6 25 
社交235.apk: 3 26 25 6 4 
社交236.apk: 26 8 10 21 9 
社交237.apk: 26 
社交24.apk: 9 8 7 10 26 18 6 21 3 
社交25.apk: 6 8 7 20 26 4 10 3 9 25 8 
社交26.apk: 26 6 3 
社交27.apk: 3 9 6 10 26 8 
社交28.apk: 8 7 25 26 3 9 4 
社交29.apk: 3 10 9 26 25 
社交3.apk: 25 26 
社交30.apk: 3 10 9 26 25 
社交31.apk: 10 4 6 25 26 8 7 9 3 
社交32.apk: 3 26 9 7 25 10 22 21 4 
社交33.apk: 10 6 7 26 25 
社交34.apk: 7 26 25 9 
社交35.apk: 26 7 25 
社交36.apk: 4 14 8 7 26 9 3 6 
社交37.apk: 25 26 
社交38.apk: 26 
社交39.apk: 7 3 10 9 26 8 25 25 
社交4.apk: 25 26 3 9 8 
社交40.apk: 26 8 7 
社交41.apk: 26 25 
社交42.apk: 25 26 10 8 7 3 9 
社交43.apk: 10 26 7 25 8 19 12 3 6 18 1 14 4 22 24 21 23 9 20 17 2 15 5 16 
社交44.apk: 8 7 12 3 1 14 4 6 10 22 9 2 5 26 
社交45.apk: 8 7 3 1 9 2 26 
社交46.apk: 8 7 3 9 26 
社交47.apk: 8 4 5 6 7 3 9 26 10 1 2 22 25 
社交48.apk: 8 7 10 6 4 26 3 
社交49.apk: 3 26 9 10 7 
社交5.apk: 26 25 9 10 6 3 
社交50.apk: 25 7 8 26 3 18 4 20 10 9 18 12 
社交51.apk: 10 26 25 
社交52.apk: 26 7 9 3 25 
社交53.apk: 26 25 
社交54.apk: 3 26 10 6 
社交55.apk: 1 3 20 21 12 8 7 6 25 26 10 4 14 
社交56.apk: 26 8 7 
社交57.apk: 26 
社交58.apk: 12 10 26 25 3 9 4 5 20 21 22 6 14 15 7 8 1 2 
社交59.apk: 12 4 5 14 15 6 7 8 18 10 26 21 24 20 22 25 3 9 23 1 2 20 7 
社交6.apk: 25 26 3 10 6 9 7 8 21 20 
社交60.apk: 9 8 7 3 18 12 10 6 4 5 26 25 
社交61.apk: 26 25 10 3 9 7 8 6 
社交62.apk: 7 4 
社交63.apk: 26 7 8 
社交64.apk: 3 7 8 26 25 
社交65.apk: 8 7 10 6 4 9 3 26 25 
社交66.apk: 6 4 8 7 3 10 9 26 25 18 
社交67.apk: 1 3 20 21 12 8 7 6 25 26 10 4 14 
社交68.apk: 7 8 3 25 26 9 
社交69.apk: 7 8 3 9 26 4 
社交7.apk: 3 9 26 
社交70.apk: 25 26 3 8 7 6 9 10 
社交71.apk: 25 26 7 8 9 3 4 
社交72.apk: 4 3 26 25 9 8 7 10 6 
社交73.apk: 10 3 9 25 26 7 22 8 
社交74.apk: 10 4 25 26 7 8 6 3 9 8 
社交75.apk: 8 10 26 25 3 4 9 20 21 22 7 
社交76.apk: 26 10 25 8 
社交77.apk: 4 5 21 20 22 26 12 9 10 7 8 18 14 6 3 25 
社交78.apk: 9 3 26 10 4 7 8 
社交79.apk: 4 6 26 25 7 8 10 22 
社交8.apk: 26 8 7 6 3 9 21 
社交80.apk: 3 8 7 26 25 10 
社交81.apk: 6 
社交82.apk: 25 26 3 9 4 7 
社交83.apk: 
社交84.apk: 12 3 25 26 10 8 7 9 4 6 20 5 18 
社交85.apk: 3 26 25 
社交86.apk: 7 6 26 25 
社交87.apk: 6 10 9 26 25 8 7 
社交88.apk: 6 3 4 7 9 26 10 21 12 
社交89.apk: 26 10 25 7 3 8 
社交9.apk: 8 7 
社交90.apk: 8 7 10 6 4 9 3 26 
社交91.apk: 3 26 10 9 6 7 8 
社交92.apk: 26 8 10 9 4 5 6 
社交93.apk: 8 
社交94.apk: 25 26 3 
社交95.apk: 26 
社交96.apk: 8 7 10 6 4 9 3 26 
社交97.apk: 4 3 9 8 7 26 25 10 6 21 
社交98.apk: 26 25 
社交99.apk: 6 26 25 10 26 3 7 9 8 
