视频播放和编辑1.apk: 10 26 25 8 7 
视频播放和编辑10.apk: 26 
视频播放和编辑100.apk: 4 6 26 25 
视频播放和编辑101.apk: 26 
视频播放和编辑102.apk: 26 
视频播放和编辑103.apk: 26 25 4 6 
视频播放和编辑104.apk: 10 22 20 21 6 3 25 26 9 
视频播放和编辑105.apk: 10 26 
视频播放和编辑106.apk: 25 26 26 3 9 
视频播放和编辑107.apk: 25 26 26 3 9 
视频播放和编辑108.apk: 10 26 25 
视频播放和编辑109.apk: 25 26 
视频播放和编辑11.apk: 10 26 
视频播放和编辑110.apk: 26 25 
视频播放和编辑111.apk: 25 26 
视频播放和编辑112.apk: 26 10 25 
视频播放和编辑113.apk: 26 10 9 
视频播放和编辑114.apk: 26 10 9 25 
视频播放和编辑115.apk: 26 25 
视频播放和编辑116.apk: 26 25 
视频播放和编辑117.apk: 25 26 
视频播放和编辑118.apk: 26 25 
视频播放和编辑119.apk: 26 25 
视频播放和编辑12.apk: 26 
视频播放和编辑120.apk: 10 4 26 25 7 8 3 9 
视频播放和编辑121.apk: 26 
视频播放和编辑122.apk: 26 
视频播放和编辑123.apk: 25 26 10 9 3 8 7 
视频播放和编辑124.apk: 26 
视频播放和编辑125.apk: 25 26 
视频播放和编辑126.apk: 25 26 7 8 6 10 
视频播放和编辑127.apk: 25 
视频播放和编辑128.apk: 26 6 
视频播放和编辑129.apk: 26 6 
视频播放和编辑13.apk: 26 
视频播放和编辑130.apk: 25 26 9 6 
视频播放和编辑131.apk: 25 26 3 6 10 
视频播放和编辑132.apk: 26 4 22 14 15 21 18 12 20 5 10 7 8 3 25 25 8 19 1 24 23 9 17 2 16 
视频播放和编辑133.apk: 26 
视频播放和编辑134.apk: 25 26 6 
视频播放和编辑135.apk: 26 25 
视频播放和编辑136.apk: 4 5 26 9 
视频播放和编辑137.apk: 4 5 26 25 9 
视频播放和编辑138.apk: 26 25 
视频播放和编辑139.apk: 26 25 
视频播放和编辑14.apk: 26 9 8 7 10 6 3 17 4 25 
视频播放和编辑140.apk: 25 26 8 7 10 
视频播放和编辑141.apk: 25 3 26 10 9 26 
视频播放和编辑142.apk: 26 25 9 3 6 10 
视频播放和编辑143.apk: 3 9 25 26 6 
视频播放和编辑144.apk: 25 26 3 
视频播放和编辑145.apk: 26 25 
视频播放和编辑146.apk: 3 10 25 26 8 7 9 
视频播放和编辑147.apk: 25 26 
视频播放和编辑148.apk: 26 25 
视频播放和编辑149.apk: 26 3 9 10 6 
视频播放和编辑15.apk: 26 8 
视频播放和编辑150.apk: 
视频播放和编辑151.apk: 26 
视频播放和编辑152.apk: 26 25 6 
视频播放和编辑153.apk: 10 3 9 7 25 26 8 
视频播放和编辑154.apk: 26 25 
视频播放和编辑155.apk: 10 25 26 3 9 4 7 8 6 
视频播放和编辑156.apk: 26 25 
视频播放和编辑157.apk: 26 3 9 7 10 25 6 
视频播放和编辑158.apk: 25 26 3 9 7 8 4 
视频播放和编辑159.apk: 10 26 
视频播放和编辑16.apk: 26 25 9 3 6 
视频播放和编辑160.apk: 26 6 8 10 25 
视频播放和编辑161.apk: 26 25 
视频播放和编辑162.apk: 26 25 
视频播放和编辑163.apk: 26 
视频播放和编辑164.apk: 8 7 25 26 
视频播放和编辑165.apk: 26 
视频播放和编辑166.apk: 26 25 
视频播放和编辑167.apk: 25 26 
视频播放和编辑168.apk: 26 25 
视频播放和编辑169.apk: 26 25 
视频播放和编辑17.apk: 25 26 3 10 9 
视频播放和编辑170.apk: 26 25 
视频播放和编辑171.apk: 26 25 
视频播放和编辑172.apk: 25 26 
视频播放和编辑173.apk: 26 25 
视频播放和编辑174.apk: 25 26 7 10 8 
视频播放和编辑175.apk: 25 26 7 10 8 
视频播放和编辑176.apk: 6 3 9 26 10 18 25 
视频播放和编辑177.apk: 26 25 
视频播放和编辑178.apk: 26 25 
视频播放和编辑179.apk: 6 26 25 10 9 3 
视频播放和编辑18.apk: 26 7 8 
视频播放和编辑180.apk: 6 26 25 9 
视频播放和编辑181.apk: 26 9 25 
视频播放和编辑182.apk: 6 26 25 10 9 3 
视频播放和编辑183.apk: 25 26 
视频播放和编辑184.apk: 6 3 9 26 10 18 25 
视频播放和编辑185.apk: 9 26 25 10 
视频播放和编辑186.apk: 26 25 9 
视频播放和编辑187.apk: 26 25 25 
视频播放和编辑188.apk: 10 25 26 
视频播放和编辑189.apk: 26 
视频播放和编辑19.apk: 
视频播放和编辑190.apk: 26 10 25 
视频播放和编辑191.apk: 25 26 10 
视频播放和编辑192.apk: 3 26 25 9 
视频播放和编辑193.apk: 26 
视频播放和编辑194.apk: 25 26 10 9 
视频播放和编辑195.apk: 26 10 25 
视频播放和编辑196.apk: 9 26 25 10 
视频播放和编辑197.apk: 25 26 10 9 
视频播放和编辑198.apk: 3 6 26 25 
视频播放和编辑199.apk: 26 25 8 6 9 3 
视频播放和编辑2.apk: 
视频播放和编辑20.apk: 26 
视频播放和编辑200.apk: 26 25 
视频播放和编辑201.apk: 25 26 10 
视频播放和编辑202.apk: 25 26 10 
视频播放和编辑203.apk: 8 7 25 26 
视频播放和编辑204.apk: 26 25 3 
视频播放和编辑205.apk: 3 25 26 9 
视频播放和编辑206.apk: 6 26 25 10 9 3 
视频播放和编辑207.apk: 26 3 9 
视频播放和编辑208.apk: 26 
视频播放和编辑209.apk: 10 25 26 3 9 7 4 6 8 
视频播放和编辑21.apk: 26 6 10 
视频播放和编辑210.apk: 10 25 26 3 9 7 4 6 8 
视频播放和编辑211.apk: 25 3 9 26 
视频播放和编辑212.apk: 3 9 6 4 26 10 20 7 8 25 
视频播放和编辑213.apk: 26 25 3 9 10 8 7 7 
视频播放和编辑214.apk: 25 26 3 9 6 
视频播放和编辑215.apk: 26 7 8 
视频播放和编辑216.apk: 25 
视频播放和编辑217.apk: 26 
视频播放和编辑218.apk: 10 25 26 
视频播放和编辑219.apk: 3 26 9 6 
视频播放和编辑22.apk: 25 26 
视频播放和编辑220.apk: 26 
视频播放和编辑221.apk: 26 25 
视频播放和编辑222.apk: 6 3 9 8 7 10 25 26 
视频播放和编辑223.apk: 3 9 25 26 7 8 
视频播放和编辑224.apk: 26 25 8 10 
视频播放和编辑225.apk: 25 26 2 
视频播放和编辑226.apk: 26 10 7 6 25 
视频播放和编辑227.apk: 25 26 8 7 
视频播放和编辑228.apk: 26 25 
视频播放和编辑229.apk: 7 3 10 26 8 25 
视频播放和编辑23.apk: 25 26 
视频播放和编辑230.apk: 25 26 
视频播放和编辑231.apk: 
视频播放和编辑232.apk: 26 25 
视频播放和编辑233.apk: 26 25 
视频播放和编辑234.apk: 26 25 3 8 7 
视频播放和编辑235.apk: 26 25 3 
视频播放和编辑236.apk: 26 25 3 
视频播放和编辑237.apk: 
视频播放和编辑238.apk: 25 
视频播放和编辑239.apk: 26 25 26 
视频播放和编辑24.apk: 26 
视频播放和编辑240.apk: 26 25 3 9 
视频播放和编辑241.apk: 26 9 25 
视频播放和编辑242.apk: 6 21 22 8 7 10 26 25 3 9 4 5 
视频播放和编辑243.apk: 6 26 
视频播放和编辑244.apk: 26 6 3 4 7 8 9 10 20 21 
视频播放和编辑245.apk: 26 25 
视频播放和编辑246.apk: 26 7 8 
视频播放和编辑247.apk: 25 26 10 6 
视频播放和编辑248.apk: 8 26 6 10 
视频播放和编辑249.apk: 26 
视频播放和编辑25.apk: 8 3 25 26 9 
视频播放和编辑250.apk: 8 26 9 
视频播放和编辑251.apk: 3 25 10 
视频播放和编辑252.apk: 
视频播放和编辑253.apk: 25 26 3 
视频播放和编辑26.apk: 26 25 9 3 
视频播放和编辑27.apk: 26 25 
视频播放和编辑28.apk: 26 9 25 3 
视频播放和编辑29.apk: 26 10 
视频播放和编辑3.apk: 26 25 
视频播放和编辑30.apk: 26 25 
视频播放和编辑31.apk: 25 26 
视频播放和编辑32.apk: 3 9 26 25 10 6 21 4 5 7 8 
视频播放和编辑33.apk: 9 26 25 3 
视频播放和编辑34.apk: 3 9 10 26 6 25 
视频播放和编辑35.apk: 26 25 
视频播放和编辑36.apk: 25 26 8 7 9 6 
视频播放和编辑37.apk: 25 26 9 3 
视频播放和编辑38.apk: 26 25 
视频播放和编辑39.apk: 8 7 
视频播放和编辑4.apk: 3 9 26 
视频播放和编辑40.apk: 26 25 
视频播放和编辑41.apk: 26 10 25 
视频播放和编辑42.apk: 26 6 
视频播放和编辑43.apk: 26 3 9 
视频播放和编辑44.apk: 8 7 26 
视频播放和编辑45.apk: 26 3 18 25 6 10 
视频播放和编辑46.apk: 25 26 9 3 
视频播放和编辑47.apk: 9 26 25 4 6 10 3 
视频播放和编辑48.apk: 26 25 3 6 
视频播放和编辑49.apk: 26 
视频播放和编辑5.apk: 25 26 
视频播放和编辑50.apk: 26 
视频播放和编辑51.apk: 26 25 3 
视频播放和编辑52.apk: 4 3 26 25 9 10 8 7 
视频播放和编辑53.apk: 6 26 25 10 
视频播放和编辑54.apk: 26 6 10 7 8 
视频播放和编辑55.apk: 10 26 
视频播放和编辑56.apk: 26 25 
视频播放和编辑57.apk: 9 25 26 
视频播放和编辑58.apk: 26 7 
视频播放和编辑59.apk: 26 7 25 
视频播放和编辑6.apk: 26 9 3 
视频播放和编辑60.apk: 26 25 
视频播放和编辑61.apk: 25 26 
视频播放和编辑62.apk: 25 26 10 9 
视频播放和编辑63.apk: 26 25 
视频播放和编辑64.apk: 25 26 
视频播放和编辑65.apk: 26 25 10 8 6 3 9 
视频播放和编辑66.apk: 26 25 6 10 
视频播放和编辑67.apk: 21 10 22 26 25 7 3 6 4 5 
视频播放和编辑68.apk: 26 25 
视频播放和编辑69.apk: 26 
视频播放和编辑7.apk: 10 26 
视频播放和编辑70.apk: 26 25 9 
视频播放和编辑71.apk: 3 9 7 26 25 
视频播放和编辑72.apk: 3 9 26 7 8 
视频播放和编辑73.apk: 
视频播放和编辑74.apk: 26 
视频播放和编辑75.apk: 26 25 
视频播放和编辑76.apk: 26 25 3 
视频播放和编辑77.apk: 26 
视频播放和编辑78.apk: 26 25 
视频播放和编辑79.apk: 26 25 9 10 3 6 
视频播放和编辑8.apk: 26 25 7 8 10 6 3 4 
视频播放和编辑80.apk: 26 25 9 10 3 6 
视频播放和编辑81.apk: 26 
视频播放和编辑82.apk: 25 26 
视频播放和编辑83.apk: 10 26 
视频播放和编辑84.apk: 26 10 6 
视频播放和编辑85.apk: 26 9 3 25 
视频播放和编辑86.apk: 26 25 
视频播放和编辑87.apk: 26 
视频播放和编辑88.apk: 26 10 
视频播放和编辑89.apk: 25 3 26 9 7 8 10 4 6 
视频播放和编辑9.apk: 10 25 26 
视频播放和编辑90.apk: 3 26 9 7 8 10 4 6 25 
视频播放和编辑91.apk: 3 26 9 7 8 10 4 6 25 
视频播放和编辑92.apk: 26 25 
视频播放和编辑93.apk: 22 21 3 10 26 9 8 4 25 7 
视频播放和编辑94.apk: 26 1 2 9 7 8 3 6 
视频播放和编辑95.apk: 26 6 10 
视频播放和编辑96.apk: 26 4 
视频播放和编辑97.apk: 26 25 
视频播放和编辑98.apk: 26 25 10 
视频播放和编辑99.apk: 25 26 
