餐饮美食1.apk: 
餐饮美食10.apk: 26 25 7 8 10 6 21 22 12 20 
餐饮美食100.apk: 26 8 7 3 25 
餐饮美食101.apk: 7 8 12 6 26 25 3 
餐饮美食102.apk: 7 8 25 26 10 6 21 4 22 20 
餐饮美食103.apk: 26 
餐饮美食104.apk: 25 26 
餐饮美食105.apk: 26 
餐饮美食106.apk: 25 26 10 
餐饮美食107.apk: 
餐饮美食108.apk: 25 26 10 3 8 7 
餐饮美食109.apk: 7 3 25 6 
餐饮美食11.apk: 7 8 3 
餐饮美食110.apk: 26 25 
餐饮美食111.apk: 26 10 25 
餐饮美食112.apk: 7 8 
餐饮美食113.apk: 8 7 12 10 25 26 3 9 
餐饮美食114.apk: 
餐饮美食115.apk: 25 7 8 26 6 
餐饮美食116.apk: 8 7 
餐饮美食117.apk: 7 8 26 25 
餐饮美食118.apk: 8 7 12 3 
餐饮美食119.apk: 7 26 8 
餐饮美食12.apk: 26 25 
餐饮美食120.apk: 26 25 
餐饮美食121.apk: 26 8 7 25 
餐饮美食122.apk: 7 8 26 12 3 10 6 25 1 2 25 
餐饮美食123.apk: 26 8 7 25 
餐饮美食124.apk: 26 
餐饮美食125.apk: 26 6 
餐饮美食126.apk: 25 26 8 4 
餐饮美食127.apk: 3 26 25 10 
餐饮美食128.apk: 
餐饮美食129.apk: 3 26 25 8 7 10 
餐饮美食13.apk: 26 25 3 
餐饮美食130.apk: 3 26 25 
餐饮美食131.apk: 26 
餐饮美食132.apk: 6 26 3 
餐饮美食133.apk: 7 25 
餐饮美食134.apk: 
餐饮美食135.apk: 
餐饮美食136.apk: 26 25 3 
餐饮美食137.apk: 
餐饮美食138.apk: 10 12 26 25 8 7 3 6 
餐饮美食139.apk: 25 26 6 25 
餐饮美食14.apk: 26 25 
餐饮美食140.apk: 26 25 3 
餐饮美食141.apk: 26 25 
餐饮美食142.apk: 26 25 
餐饮美食143.apk: 8 7 3 10 25 
餐饮美食144.apk: 26 8 
餐饮美食145.apk: 
餐饮美食146.apk: 10 6 3 26 25 9 
餐饮美食147.apk: 8 7 8 3 26 10 25 
餐饮美食148.apk: 7 8 
餐饮美食149.apk: 6 7 3 26 25 
餐饮美食15.apk: 3 8 7 
餐饮美食150.apk: 8 7 26 25 10 6 3 
餐饮美食151.apk: 12 3 7 4 26 25 
餐饮美食152.apk: 26 25 
餐饮美食153.apk: 26 25 
餐饮美食154.apk: 8 7 3 
餐饮美食155.apk: 26 8 7 25 
餐饮美食156.apk: 6 8 7 10 
餐饮美食157.apk: 
餐饮美食158.apk: 
餐饮美食159.apk: 
餐饮美食16.apk: 25 26 7 8 3 
餐饮美食160.apk: 25 26 3 
餐饮美食161.apk: 26 25 
餐饮美食162.apk: 
餐饮美食163.apk: 6 10 26 4 8 7 25 
餐饮美食164.apk: 
餐饮美食165.apk: 
餐饮美食166.apk: 1 2 26 8 7 25 3 
餐饮美食167.apk: 26 10 7 8 
餐饮美食168.apk: 7 26 3 25 
餐饮美食169.apk: 26 25 
餐饮美食17.apk: 7 8 26 3 6 
餐饮美食170.apk: 7 10 26 3 
餐饮美食171.apk: 7 3 25 26 
餐饮美食172.apk: 8 7 26 3 
餐饮美食173.apk: 8 7 26 
餐饮美食174.apk: 6 26 2 1 
餐饮美食175.apk: 10 8 7 26 25 25 3 
餐饮美食176.apk: 
餐饮美食177.apk: 26 8 7 10 3 6 25 
餐饮美食178.apk: 26 10 3 6 25 
餐饮美食179.apk: 10 7 26 10 25 
餐饮美食18.apk: 6 7 8 3 26 25 
餐饮美食180.apk: 26 25 
餐饮美食181.apk: 26 
餐饮美食182.apk: 7 10 26 25 
餐饮美食183.apk: 8 26 
餐饮美食184.apk: 3 26 12 8 7 1 2 
餐饮美食185.apk: 26 25 
餐饮美食186.apk: 
餐饮美食187.apk: 26 25 8 7 
餐饮美食188.apk: 
餐饮美食189.apk: 
餐饮美食19.apk: 26 25 
餐饮美食190.apk: 26 
餐饮美食191.apk: 8 7 
餐饮美食192.apk: 
餐饮美食193.apk: 7 8 12 25 26 6 
餐饮美食194.apk: 7 
餐饮美食195.apk: 6 26 
餐饮美食196.apk: 25 26 
餐饮美食197.apk: 6 3 26 
餐饮美食198.apk: 6 26 10 25 
餐饮美食199.apk: 8 7 25 26 
餐饮美食2.apk: 
餐饮美食20.apk: 26 6 3 
餐饮美食200.apk: 10 25 6 
餐饮美食201.apk: 3 25 26 
餐饮美食202.apk: 26 25 7 8 12 6 
餐饮美食203.apk: 22 7 8 25 6 21 12 
餐饮美食204.apk: 7 12 10 4 5 26 21 8 
餐饮美食205.apk: 7 8 10 12 5 4 25 26 21 3 
餐饮美食206.apk: 
餐饮美食207.apk: 6 10 26 25 
餐饮美食208.apk: 25 26 
餐饮美食209.apk: 26 25 26 25 9 3 
餐饮美食21.apk: 8 7 25 26 
餐饮美食22.apk: 6 8 7 10 4 
餐饮美食23.apk: 26 3 
餐饮美食24.apk: 26 25 6 10 
餐饮美食25.apk: 26 7 8 3 10 25 6 
餐饮美食26.apk: 26 25 
餐饮美食27.apk: 26 25 
餐饮美食28.apk: 8 7 12 3 
餐饮美食29.apk: 8 9 
餐饮美食3.apk: 25 26 22 21 14 10 12 3 
餐饮美食30.apk: 26 25 
餐饮美食31.apk: 8 26 25 6 
餐饮美食32.apk: 26 25 
餐饮美食33.apk: 26 25 
餐饮美食34.apk: 26 25 
餐饮美食35.apk: 12 7 26 25 20 6 21 22 10 
餐饮美食36.apk: 7 3 26 25 
餐饮美食37.apk: 3 8 7 
餐饮美食38.apk: 26 25 7 8 6 
餐饮美食39.apk: 7 8 10 
餐饮美食4.apk: 26 25 3 
餐饮美食40.apk: 26 8 7 10 25 1 2 9 3 4 22 21 6 12 
餐饮美食41.apk: 12 7 8 26 25 4 10 21 22 3 9 20 
餐饮美食42.apk: 7 8 26 10 25 3 
餐饮美食43.apk: 7 8 6 25 26 
餐饮美食44.apk: 12 7 10 9 26 3 
餐饮美食45.apk: 8 7 
餐饮美食46.apk: 12 4 26 3 8 7 25 
餐饮美食47.apk: 26 6 3 
餐饮美食48.apk: 26 6 25 3 
餐饮美食49.apk: 
餐饮美食5.apk: 26 25 3 
餐饮美食50.apk: 26 25 
餐饮美食51.apk: 26 25 
餐饮美食52.apk: 26 25 7 6 
餐饮美食53.apk: 8 7 3 10 25 
餐饮美食54.apk: 8 7 26 25 10 
餐饮美食55.apk: 10 7 8 3 
餐饮美食56.apk: 10 7 26 25 
餐饮美食57.apk: 8 7 21 3 
餐饮美食58.apk: 8 7 
餐饮美食59.apk: 12 6 26 3 7 
餐饮美食6.apk: 26 7 8 
餐饮美食60.apk: 26 
餐饮美食61.apk: 6 3 7 25 10 26 2 1 4 5 
餐饮美食62.apk: 8 7 4 26 3 25 
餐饮美食63.apk: 
餐饮美食64.apk: 3 26 25 10 
餐饮美食65.apk: 26 8 7 6 
餐饮美食66.apk: 8 7 10 6 22 21 
餐饮美食67.apk: 8 7 3 
餐饮美食68.apk: 8 7 26 6 4 
餐饮美食69.apk: 6 8 7 26 10 21 22 12 25 20 
餐饮美食7.apk: 3 8 7 6 26 
餐饮美食70.apk: 3 26 
餐饮美食71.apk: 8 7 3 10 25 
餐饮美食72.apk: 26 25 8 7 
餐饮美食73.apk: 26 25 
餐饮美食74.apk: 26 10 7 8 
餐饮美食75.apk: 26 25 3 
餐饮美食76.apk: 26 25 4 9 3 
餐饮美食77.apk: 26 3 
餐饮美食78.apk: 7 8 
餐饮美食79.apk: 7 8 26 10 25 
餐饮美食8.apk: 
餐饮美食80.apk: 7 26 25 6 10 
餐饮美食81.apk: 4 20 
餐饮美食82.apk: 26 25 
餐饮美食83.apk: 26 25 7 6 
餐饮美食84.apk: 26 25 7 6 8 
餐饮美食85.apk: 26 25 7 6 8 
餐饮美食86.apk: 8 7 6 26 25 
餐饮美食87.apk: 
餐饮美食88.apk: 6 8 7 26 
餐饮美食89.apk: 26 8 7 25 
餐饮美食9.apk: 26 10 25 
餐饮美食90.apk: 8 7 
餐饮美食91.apk: 26 8 7 25 
餐饮美食92.apk: 26 8 7 25 
餐饮美食93.apk: 26 25 3 
餐饮美食94.apk: 7 8 26 25 10 6 
餐饮美食95.apk: 7 8 26 10 9 6 12 6 
餐饮美食96.apk: 3 8 7 26 25 25 
餐饮美食97.apk: 26 10 25 
餐饮美食98.apk: 25 26 7 3 8 10 
餐饮美食99.apk: 26 25 7 6 8 
