购物1.apk: 3 10 26 7 25 
购物10.apk: 
购物100.apk: 3 25 26 10 
购物101.apk: 26 7 8 3 25 10 
购物102.apk: 4 
购物103.apk: 3 7 8 26 6 10 25 
购物104.apk: 25 10 6 12 8 7 
购物105.apk: 12 3 10 9 25 26 
购物106.apk: 7 8 6 25 26 
购物107.apk: 26 3 
购物108.apk: 6 4 8 7 26 10 21 3 25 9 
购物109.apk: 7 26 3 25 
购物11.apk: 3 6 7 8 
购物110.apk: 6 26 8 7 12 10 25 3 9 
购物111.apk: 7 26 3 
购物112.apk: 7 8 26 12 21 25 
购物113.apk: 8 7 6 21 22 
购物114.apk: 8 7 26 3 
购物115.apk: 8 7 25 3 26 4 4 4 
购物116.apk: 6 26 3 25 
购物117.apk: 8 7 3 25 26 9 10 
购物118.apk: 8 7 26 12 
购物119.apk: 8 6 10 26 25 3 9 7 21 19 
购物12.apk: 6 3 
购物120.apk: 26 
购物121.apk: 7 26 10 25 12 6 3 9 
购物122.apk: 26 8 7 3 10 7 25 
购物123.apk: 10 3 26 12 9 
购物124.apk: 26 6 
购物125.apk: 26 
购物126.apk: 25 26 3 6 4 7 8 
购物127.apk: 26 7 
购物128.apk: 3 7 26 25 10 26 6 7 8 
购物129.apk: 3 26 7 8 
购物13.apk: 4 7 21 6 26 25 9 
购物130.apk: 7 8 26 25 
购物131.apk: 26 6 
购物132.apk: 3 8 7 26 25 6 
购物133.apk: 10 26 3 8 7 25 6 
购物134.apk: 3 25 4 26 8 7 6 
购物135.apk: 3 26 25 9 
购物136.apk: 7 6 10 3 8 26 25 
购物137.apk: 8 7 3 
购物138.apk: 8 7 3 
购物139.apk: 26 25 7 3 10 4 6 9 
购物14.apk: 4 7 21 6 26 25 22 10 3 
购物140.apk: 26 25 8 7 
购物141.apk: 10 4 26 25 8 7 6 12 21 3 9 
购物142.apk: 3 26 21 7 6 4 8 25 
购物143.apk: 10 4 26 25 8 7 6 21 3 9 
购物144.apk: 8 7 26 25 21 3 9 6 4 10 
购物145.apk: 26 25 8 7 
购物146.apk: 26 25 8 7 
购物147.apk: 26 25 8 7 
购物148.apk: 25 26 3 12 20 6 10 8 6 
购物149.apk: 
购物15.apk: 10 22 21 7 6 
购物150.apk: 3 6 7 26 
购物151.apk: 6 8 7 21 22 3 4 14 26 
购物152.apk: 6 7 8 3 
购物153.apk: 3 26 25 6 
购物154.apk: 25 26 10 21 
购物155.apk: 26 25 
购物156.apk: 8 7 
购物157.apk: 25 26 6 8 7 10 4 22 21 3 5 20 14 
购物158.apk: 4 5 6 3 25 
购物159.apk: 3 26 8 
购物16.apk: 9 8 7 6 10 
购物160.apk: 26 25 8 7 6 3 
购物161.apk: 26 3 4 10 25 
购物162.apk: 26 3 8 7 
购物163.apk: 4 10 6 
购物164.apk: 3 4 26 
购物165.apk: 3 25 
购物166.apk: 26 10 6 8 12 9 3 25 7 21 22 20 
购物167.apk: 3 6 4 7 26 12 25 10 
购物168.apk: 26 6 10 12 4 18 14 22 21 20 8 3 25 7 
购物169.apk: 3 
购物17.apk: 4 6 7 21 26 25 8 9 3 
购物170.apk: 22 21 26 25 9 10 
购物171.apk: 8 7 26 25 3 
购物172.apk: 6 8 7 3 26 25 
购物173.apk: 26 21 
购物174.apk: 10 25 26 3 
购物175.apk: 26 10 3 25 6 8 7 
购物176.apk: 
购物177.apk: 8 7 10 3 
购物178.apk: 26 12 4 10 8 7 3 
购物179.apk: 26 25 3 6 10 8 7 4 21 22 1 2 
购物18.apk: 25 26 6 8 7 10 
购物180.apk: 8 7 3 4 26 25 10 6 
购物181.apk: 3 22 26 10 7 9 4 25 8 2 1 
购物182.apk: 3 22 26 10 7 9 4 25 8 2 1 
购物183.apk: 3 22 26 10 7 9 4 25 8 2 1 
购物184.apk: 4 10 6 25 26 10 
购物185.apk: 7 26 6 8 3 
购物186.apk: 8 7 10 25 26 9 3 6 20 
购物187.apk: 26 7 8 
购物188.apk: 26 4 10 25 
购物189.apk: 7 8 3 26 
购物19.apk: 25 26 10 
购物190.apk: 1 2 4 8 7 3 25 26 
购物191.apk: 8 7 25 3 
购物192.apk: 26 8 7 12 3 9 10 25 
购物193.apk: 26 25 8 7 
购物194.apk: 12 26 10 4 5 3 21 22 6 9 8 7 
购物195.apk: 26 25 8 7 21 10 
购物196.apk: 12 8 7 26 10 25 3 6 21 22 
购物197.apk: 3 7 8 26 25 8 
购物198.apk: 7 8 
购物199.apk: 
购物2.apk: 7 8 26 12 
购物20.apk: 6 
购物200.apk: 3 7 26 25 
购物201.apk: 26 10 26 10 25 8 7 
购物202.apk: 6 26 12 10 22 21 4 5 
购物203.apk: 3 8 7 26 9 6 25 10 
购物204.apk: 8 
购物205.apk: 4 26 25 
购物206.apk: 3 26 4 7 25 25 
购物207.apk: 6 26 25 
购物208.apk: 25 26 6 21 22 10 12 4 5 14 15 7 3 
购物209.apk: 26 25 6 
购物21.apk: 3 8 25 
购物210.apk: 
购物211.apk: 8 3 26 10 25 
购物212.apk: 26 6 7 3 8 
购物213.apk: 7 3 6 10 
购物214.apk: 
购物215.apk: 26 25 8 7 6 3 
购物216.apk: 26 10 7 8 
购物217.apk: 7 8 10 3 26 25 25 9 
购物218.apk: 3 8 7 
购物219.apk: 26 6 8 3 
购物22.apk: 26 25 3 8 7 10 12 14 
购物220.apk: 7 3 25 8 8 
购物221.apk: 25 26 3 7 8 
购物222.apk: 6 10 26 3 
购物223.apk: 26 25 8 7 3 
购物224.apk: 26 3 6 4 25 25 
购物225.apk: 26 7 10 8 6 25 
购物226.apk: 3 26 1 2 6 25 
购物227.apk: 3 26 6 25 9 
购物228.apk: 26 6 25 
购物229.apk: 6 3 26 25 7 8 
购物23.apk: 25 26 3 
购物230.apk: 7 8 10 6 26 25 3 
购物231.apk: 26 
购物232.apk: 3 26 
购物233.apk: 25 26 6 3 4 10 
购物234.apk: 9 
购物235.apk: 25 26 6 10 4 8 7 12 3 
购物236.apk: 
购物237.apk: 
购物238.apk: 26 3 25 
购物239.apk: 6 25 26 
购物24.apk: 12 3 
购物240.apk: 7 8 10 12 25 26 
购物241.apk: 3 7 8 25 
购物242.apk: 12 3 8 7 25 
购物243.apk: 10 7 26 10 25 
购物244.apk: 7 8 
购物245.apk: 26 25 3 6 
购物246.apk: 26 25 
购物247.apk: 6 
购物248.apk: 6 26 3 9 10 21 22 7 
购物249.apk: 3 26 25 
购物25.apk: 3 25 26 
购物250.apk: 26 3 
购物251.apk: 4 3 7 21 25 6 26 10 
购物252.apk: 26 10 3 25 8 7 9 
购物253.apk: 26 3 10 25 
购物254.apk: 10 3 26 8 7 1 2 
购物255.apk: 21 22 3 12 10 25 26 8 7 
购物256.apk: 6 26 25 3 
购物257.apk: 26 7 8 
购物258.apk: 26 10 3 9 7 8 25 4 22 21 
购物259.apk: 26 7 8 
购物26.apk: 3 4 26 
购物260.apk: 26 3 25 
购物261.apk: 6 3 
购物262.apk: 6 3 25 26 
购物263.apk: 
购物264.apk: 6 26 25 3 
购物265.apk: 26 25 8 
购物266.apk: 3 22 26 10 7 9 4 25 8 2 1 
购物267.apk: 26 8 7 6 
购物268.apk: 10 26 
购物269.apk: 9 3 26 25 4 10 21 7 8 
购物27.apk: 3 4 26 25 
购物270.apk: 6 26 25 3 10 
购物271.apk: 25 26 
购物272.apk: 3 9 6 25 26 10 7 8 
购物273.apk: 25 26 
购物274.apk: 10 26 6 
购物275.apk: 10 7 8 25 26 3 6 
购物276.apk: 25 
购物277.apk: 25 
购物278.apk: 26 3 
购物279.apk: 10 26 4 21 22 3 
购物28.apk: 3 4 26 
购物280.apk: 6 8 7 26 25 10 
购物281.apk: 25 26 3 
购物282.apk: 3 25 26 8 7 9 
购物283.apk: 26 25 3 
购物29.apk: 
购物3.apk: 6 26 25 3 
购物30.apk: 7 26 25 8 10 3 6 
购物31.apk: 7 10 8 3 26 25 
购物32.apk: 12 7 8 26 6 
购物33.apk: 3 26 25 
购物34.apk: 8 7 26 3 
购物35.apk: 3 
购物36.apk: 
购物37.apk: 4 26 3 7 
购物38.apk: 8 7 12 6 26 25 3 10 4 21 22 20 
购物39.apk: 7 8 3 25 
购物4.apk: 6 3 8 
购物40.apk: 6 8 7 26 10 7 3 
购物41.apk: 6 
购物42.apk: 8 7 26 
购物43.apk: 
购物44.apk: 3 7 
购物45.apk: 3 26 10 6 4 
购物46.apk: 
购物47.apk: 26 3 25 12 
购物48.apk: 7 8 26 3 
购物49.apk: 8 7 26 3 20 12 25 
购物5.apk: 3 7 26 25 
购物50.apk: 26 3 6 4 
购物51.apk: 10 6 12 26 25 
购物52.apk: 8 7 12 6 3 10 
购物53.apk: 6 26 10 25 3 
购物54.apk: 
购物55.apk: 3 8 7 26 9 6 
购物56.apk: 3 26 8 7 25 
购物57.apk: 1 2 9 26 25 3 
购物58.apk: 25 3 6 
购物59.apk: 26 25 10 8 7 9 3 1 2 
购物6.apk: 26 25 
购物60.apk: 7 8 26 10 3 9 
购物61.apk: 26 25 8 7 3 
购物62.apk: 26 8 7 3 
购物63.apk: 26 25 6 7 
购物64.apk: 6 26 25 
购物65.apk: 26 8 7 3 7 
购物66.apk: 6 26 7 8 
购物67.apk: 25 26 8 7 3 
购物68.apk: 3 
购物69.apk: 9 3 6 10 18 8 7 26 4 12 25 
购物7.apk: 26 10 25 
购物70.apk: 7 8 26 
购物71.apk: 26 8 7 10 1 2 25 8 
购物72.apk: 25 26 3 9 7 10 
购物73.apk: 
购物74.apk: 25 26 3 10 
购物75.apk: 21 8 7 4 10 6 25 26 
购物76.apk: 4 10 
购物77.apk: 26 25 6 10 3 
购物78.apk: 26 3 6 4 
购物79.apk: 3 
购物8.apk: 6 7 8 26 25 3 4 12 8 
购物80.apk: 6 3 26 25 7 8 
购物81.apk: 8 7 3 12 10 21 26 
购物82.apk: 26 25 7 4 6 
购物83.apk: 6 3 7 4 
购物84.apk: 26 7 8 25 
购物85.apk: 21 22 10 26 25 6 12 8 7 3 
购物86.apk: 3 26 25 7 8 6 
购物87.apk: 
购物88.apk: 3 7 26 25 
购物89.apk: 26 3 6 4 
购物9.apk: 26 10 3 9 25 25 
购物90.apk: 7 3 26 12 10 4 6 21 8 8 
购物91.apk: 3 10 26 8 7 6 1 2 25 12 20 4 5 21 
购物92.apk: 3 10 6 
购物93.apk: 3 9 6 26 25 
购物94.apk: 26 25 10 
购物95.apk: 2 1 8 7 3 26 25 9 8 
购物96.apk: 3 4 10 26 25 6 7 8 
购物97.apk: 26 8 7 12 3 9 10 25 
购物98.apk: 26 25 10 7 6 
购物99.apk: 8 7 26 3 
