“Ù¿÷”Î“Ù∆µ1.apk: 26 10 
“Ù¿÷”Î“Ù∆µ10.apk: 9 
“Ù¿÷”Î“Ù∆µ100.apk: 25 26 
“Ù¿÷”Î“Ù∆µ101.apk: 25 26 
“Ù¿÷”Î“Ù∆µ102.apk: 25 
“Ù¿÷”Î“Ù∆µ103.apk: 25 26 
“Ù¿÷”Î“Ù∆µ104.apk: 9 25 26 
“Ù¿÷”Î“Ù∆µ105.apk: 10 25 26 8 
“Ù¿÷”Î“Ù∆µ106.apk: 6 26 8 7 10 12 
“Ù¿÷”Î“Ù∆µ107.apk: 25 26 
“Ù¿÷”Î“Ù∆µ108.apk: 9 25 26 
“Ù¿÷”Î“Ù∆µ109.apk: 26 25 
“Ù¿÷”Î“Ù∆µ11.apk: 9 
“Ù¿÷”Î“Ù∆µ110.apk: 25 26 7 
“Ù¿÷”Î“Ù∆µ111.apk: 10 26 25 
“Ù¿÷”Î“Ù∆µ112.apk: 8 7 6 
“Ù¿÷”Î“Ù∆µ113.apk: 8 7 6 26 
“Ù¿÷”Î“Ù∆µ114.apk: 10 
“Ù¿÷”Î“Ù∆µ115.apk: 6 8 
“Ù¿÷”Î“Ù∆µ116.apk: 26 
“Ù¿÷”Î“Ù∆µ117.apk: 10 26 9 26 3 25 10 10 26 
“Ù¿÷”Î“Ù∆µ118.apk: 25 26 9 
“Ù¿÷”Î“Ù∆µ119.apk: 26 25 6 10 3 9 8 
“Ù¿÷”Î“Ù∆µ12.apk: 26 25 10 5 
“Ù¿÷”Î“Ù∆µ120.apk: 10 4 26 25 9 3 6 21 22 
“Ù¿÷”Î“Ù∆µ121.apk: 6 10 25 26 3 9 
“Ù¿÷”Î“Ù∆µ122.apk: 26 25 
“Ù¿÷”Î“Ù∆µ123.apk: 
“Ù¿÷”Î“Ù∆µ124.apk: 26 10 4 5 
“Ù¿÷”Î“Ù∆µ125.apk: 25 26 
“Ù¿÷”Î“Ù∆µ126.apk: 8 7 26 6 
“Ù¿÷”Î“Ù∆µ127.apk: 26 25 3 9 10 6 
“Ù¿÷”Î“Ù∆µ128.apk: 10 25 26 9 
“Ù¿÷”Î“Ù∆µ129.apk: 
“Ù¿÷”Î“Ù∆µ13.apk: 10 26 
“Ù¿÷”Î“Ù∆µ130.apk: 
“Ù¿÷”Î“Ù∆µ131.apk: 26 6 25 
“Ù¿÷”Î“Ù∆µ132.apk: 9 26 
“Ù¿÷”Î“Ù∆µ133.apk: 26 25 
“Ù¿÷”Î“Ù∆µ134.apk: 10 26 25 
“Ù¿÷”Î“Ù∆µ135.apk: 26 10 6 
“Ù¿÷”Î“Ù∆µ136.apk: 10 4 5 26 
“Ù¿÷”Î“Ù∆µ137.apk: 25 26 10 
“Ù¿÷”Î“Ù∆µ138.apk: 26 10 25 
“Ù¿÷”Î“Ù∆µ139.apk: 25 26 9 
“Ù¿÷”Î“Ù∆µ14.apk: 9 26 25 10 
“Ù¿÷”Î“Ù∆µ140.apk: 26 
“Ù¿÷”Î“Ù∆µ141.apk: 26 
“Ù¿÷”Î“Ù∆µ142.apk: 25 10 5 26 
“Ù¿÷”Î“Ù∆µ143.apk: 9 26 4 5 25 
“Ù¿÷”Î“Ù∆µ144.apk: 26 
“Ù¿÷”Î“Ù∆µ145.apk: 26 25 
“Ù¿÷”Î“Ù∆µ146.apk: 26 25 9 
“Ù¿÷”Î“Ù∆µ147.apk: 26 25 9 
“Ù¿÷”Î“Ù∆µ148.apk: 25 26 10 
“Ù¿÷”Î“Ù∆µ149.apk: 26 8 7 25 
“Ù¿÷”Î“Ù∆µ15.apk: 10 8 26 3 
“Ù¿÷”Î“Ù∆µ150.apk: 25 26 8 7 
“Ù¿÷”Î“Ù∆µ151.apk: 25 26 10 
“Ù¿÷”Î“Ù∆µ152.apk: 25 26 9 
“Ù¿÷”Î“Ù∆µ153.apk: 9 
“Ù¿÷”Î“Ù∆µ154.apk: 9 26 25 10 
“Ù¿÷”Î“Ù∆µ155.apk: 26 25 9 
“Ù¿÷”Î“Ù∆µ156.apk: 26 25 9 10 18 
“Ù¿÷”Î“Ù∆µ157.apk: 26 10 9 25 
“Ù¿÷”Î“Ù∆µ158.apk: 26 10 9 
“Ù¿÷”Î“Ù∆µ159.apk: 26 10 9 
“Ù¿÷”Î“Ù∆µ16.apk: 26 9 
“Ù¿÷”Î“Ù∆µ160.apk: 9 26 25 10 
“Ù¿÷”Î“Ù∆µ161.apk: 25 26 
“Ù¿÷”Î“Ù∆µ162.apk: 25 10 26 8 7 
“Ù¿÷”Î“Ù∆µ163.apk: 26 25 6 
“Ù¿÷”Î“Ù∆µ164.apk: 25 26 10 9 
“Ù¿÷”Î“Ù∆µ165.apk: 25 10 9 26 
“Ù¿÷”Î“Ù∆µ166.apk: 26 25 7 8 10 
“Ù¿÷”Î“Ù∆µ167.apk: 25 26 10 9 
“Ù¿÷”Î“Ù∆µ168.apk: 10 26 10 25 4 5 
“Ù¿÷”Î“Ù∆µ169.apk: 26 25 9 
“Ù¿÷”Î“Ù∆µ17.apk: 25 26 
“Ù¿÷”Î“Ù∆µ170.apk: 9 26 25 10 
“Ù¿÷”Î“Ù∆µ171.apk: 9 26 25 10 
“Ù¿÷”Î“Ù∆µ172.apk: 26 10 9 25 
“Ù¿÷”Î“Ù∆µ173.apk: 10 26 
“Ù¿÷”Î“Ù∆µ174.apk: 26 
“Ù¿÷”Î“Ù∆µ175.apk: 26 25 10 
“Ù¿÷”Î“Ù∆µ176.apk: 9 25 26 
“Ù¿÷”Î“Ù∆µ177.apk: 9 
“Ù¿÷”Î“Ù∆µ178.apk: 10 26 25 
“Ù¿÷”Î“Ù∆µ179.apk: 26 
“Ù¿÷”Î“Ù∆µ18.apk: 25 26 
“Ù¿÷”Î“Ù∆µ180.apk: 26 25 10 9 
“Ù¿÷”Î“Ù∆µ181.apk: 26 
“Ù¿÷”Î“Ù∆µ182.apk: 9 25 10 26 
“Ù¿÷”Î“Ù∆µ183.apk: 26 
“Ù¿÷”Î“Ù∆µ184.apk: 26 25 
“Ù¿÷”Î“Ù∆µ185.apk: 8 7 26 25 
“Ù¿÷”Î“Ù∆µ186.apk: 9 26 4 6 
“Ù¿÷”Î“Ù∆µ187.apk: 26 10 
“Ù¿÷”Î“Ù∆µ188.apk: 3 25 
“Ù¿÷”Î“Ù∆µ189.apk: 26 25 10 6 3 
“Ù¿÷”Î“Ù∆µ19.apk: 26 25 
“Ù¿÷”Î“Ù∆µ190.apk: 26 
“Ù¿÷”Î“Ù∆µ191.apk: 26 10 
“Ù¿÷”Î“Ù∆µ192.apk: 26 7 9 
“Ù¿÷”Î“Ù∆µ193.apk: 25 
“Ù¿÷”Î“Ù∆µ194.apk: 26 25 
“Ù¿÷”Î“Ù∆µ195.apk: 10 25 
“Ù¿÷”Î“Ù∆µ196.apk: 25 26 
“Ù¿÷”Î“Ù∆µ197.apk: 10 
“Ù¿÷”Î“Ù∆µ198.apk: 26 25 10 
“Ù¿÷”Î“Ù∆µ199.apk: 25 26 10 
“Ù¿÷”Î“Ù∆µ2.apk: 25 26 
“Ù¿÷”Î“Ù∆µ20.apk: 25 26 10 9 
“Ù¿÷”Î“Ù∆µ200.apk: 25 26 9 10 
“Ù¿÷”Î“Ù∆µ201.apk: 9 8 
“Ù¿÷”Î“Ù∆µ202.apk: 25 26 
“Ù¿÷”Î“Ù∆µ203.apk: 25 26 
“Ù¿÷”Î“Ù∆µ204.apk: 26 25 8 6 10 
“Ù¿÷”Î“Ù∆µ205.apk: 9 
“Ù¿÷”Î“Ù∆µ206.apk: 26 25 
“Ù¿÷”Î“Ù∆µ207.apk: 25 
“Ù¿÷”Î“Ù∆µ208.apk: 10 25 26 
“Ù¿÷”Î“Ù∆µ209.apk: 26 8 25 6 
“Ù¿÷”Î“Ù∆µ21.apk: 25 26 10 9 
“Ù¿÷”Î“Ù∆µ210.apk: 26 25 9 
“Ù¿÷”Î“Ù∆µ211.apk: 
“Ù¿÷”Î“Ù∆µ212.apk: 26 10 
“Ù¿÷”Î“Ù∆µ213.apk: 
“Ù¿÷”Î“Ù∆µ214.apk: 9 
“Ù¿÷”Î“Ù∆µ215.apk: 3 10 
“Ù¿÷”Î“Ù∆µ216.apk: 25 26 
“Ù¿÷”Î“Ù∆µ217.apk: 25 26 9 
“Ù¿÷”Î“Ù∆µ218.apk: 10 
“Ù¿÷”Î“Ù∆µ219.apk: 
“Ù¿÷”Î“Ù∆µ22.apk: 26 9 6 3 
“Ù¿÷”Î“Ù∆µ220.apk: 26 25 
“Ù¿÷”Î“Ù∆µ221.apk: 
“Ù¿÷”Î“Ù∆µ222.apk: 10 18 8 7 
“Ù¿÷”Î“Ù∆µ223.apk: 
“Ù¿÷”Î“Ù∆µ224.apk: 10 
“Ù¿÷”Î“Ù∆µ225.apk: 7 6 10 26 
“Ù¿÷”Î“Ù∆µ226.apk: 26 
“Ù¿÷”Î“Ù∆µ227.apk: 25 26 7 8 
“Ù¿÷”Î“Ù∆µ228.apk: 
“Ù¿÷”Î“Ù∆µ229.apk: 
“Ù¿÷”Î“Ù∆µ23.apk: 26 25 8 7 
“Ù¿÷”Î“Ù∆µ230.apk: 10 
“Ù¿÷”Î“Ù∆µ231.apk: 26 
“Ù¿÷”Î“Ù∆µ232.apk: 6 8 
“Ù¿÷”Î“Ù∆µ233.apk: 26 25 
“Ù¿÷”Î“Ù∆µ234.apk: 
“Ù¿÷”Î“Ù∆µ235.apk: 25 
“Ù¿÷”Î“Ù∆µ236.apk: 26 
“Ù¿÷”Î“Ù∆µ237.apk: 9 26 
“Ù¿÷”Î“Ù∆µ238.apk: 26 
“Ù¿÷”Î“Ù∆µ239.apk: 25 26 
“Ù¿÷”Î“Ù∆µ24.apk: 3 25 9 26 
“Ù¿÷”Î“Ù∆µ240.apk: 25 26 
“Ù¿÷”Î“Ù∆µ241.apk: 4 5 25 26 
“Ù¿÷”Î“Ù∆µ242.apk: 10 26 
“Ù¿÷”Î“Ù∆µ243.apk: 6 8 
“Ù¿÷”Î“Ù∆µ244.apk: 10 26 6 
“Ù¿÷”Î“Ù∆µ245.apk: 26 25 10 9 
“Ù¿÷”Î“Ù∆µ246.apk: 26 9 
“Ù¿÷”Î“Ù∆µ247.apk: 10 26 25 
“Ù¿÷”Î“Ù∆µ248.apk: 10 6 
“Ù¿÷”Î“Ù∆µ249.apk: 8 9 26 25 3 
“Ù¿÷”Î“Ù∆µ25.apk: 8 7 26 1 2 6 4 25 
“Ù¿÷”Î“Ù∆µ250.apk: 25 26 9 10 
“Ù¿÷”Î“Ù∆µ251.apk: 9 26 25 
“Ù¿÷”Î“Ù∆µ252.apk: 8 10 26 25 9 3 
“Ù¿÷”Î“Ù∆µ253.apk: 9 26 10 
“Ù¿÷”Î“Ù∆µ254.apk: 8 8 8 8 26 
“Ù¿÷”Î“Ù∆µ255.apk: 25 26 22 21 20 4 10 9 8 
“Ù¿÷”Î“Ù∆µ256.apk: 9 26 9 7 25 
“Ù¿÷”Î“Ù∆µ257.apk: 18 4 10 
“Ù¿÷”Î“Ù∆µ258.apk: 26 25 
“Ù¿÷”Î“Ù∆µ259.apk: 25 26 6 9 
“Ù¿÷”Î“Ù∆µ26.apk: 25 10 26 9 
“Ù¿÷”Î“Ù∆µ260.apk: 9 6 25 26 
“Ù¿÷”Î“Ù∆µ261.apk: 8 7 9 
“Ù¿÷”Î“Ù∆µ262.apk: 26 
“Ù¿÷”Î“Ù∆µ263.apk: 6 4 10 22 20 25 26 7 
“Ù¿÷”Î“Ù∆µ264.apk: 10 9 
“Ù¿÷”Î“Ù∆µ265.apk: 7 
“Ù¿÷”Î“Ù∆µ266.apk: 9 26 6 10 22 21 
“Ù¿÷”Î“Ù∆µ267.apk: 6 10 25 26 3 9 
“Ù¿÷”Î“Ù∆µ268.apk: 26 25 9 10 
“Ù¿÷”Î“Ù∆µ269.apk: 26 25 9 
“Ù¿÷”Î“Ù∆µ27.apk: 26 10 9 
“Ù¿÷”Î“Ù∆µ270.apk: 26 
“Ù¿÷”Î“Ù∆µ271.apk: 9 
“Ù¿÷”Î“Ù∆µ272.apk: 
“Ù¿÷”Î“Ù∆µ273.apk: 25 26 6 8 10 21 3 9 
“Ù¿÷”Î“Ù∆µ274.apk: 25 9 26 
“Ù¿÷”Î“Ù∆µ275.apk: 25 26 9 
“Ù¿÷”Î“Ù∆µ276.apk: 25 26 
“Ù¿÷”Î“Ù∆µ277.apk: 10 8 6 26 7 
“Ù¿÷”Î“Ù∆µ278.apk: 10 26 25 
“Ù¿÷”Î“Ù∆µ279.apk: 25 26 9 
“Ù¿÷”Î“Ù∆µ28.apk: 
“Ù¿÷”Î“Ù∆µ280.apk: 26 3 25 10 8 
“Ù¿÷”Î“Ù∆µ281.apk: 10 9 26 
“Ù¿÷”Î“Ù∆µ282.apk: 26 25 
“Ù¿÷”Î“Ù∆µ283.apk: 26 25 25 
“Ù¿÷”Î“Ù∆µ284.apk: 26 
“Ù¿÷”Î“Ù∆µ285.apk: 26 10 6 7 
“Ù¿÷”Î“Ù∆µ286.apk: 8 26 25 6 
“Ù¿÷”Î“Ù∆µ287.apk: 9 
“Ù¿÷”Î“Ù∆µ288.apk: 9 26 25 3 10 
“Ù¿÷”Î“Ù∆µ289.apk: 9 
“Ù¿÷”Î“Ù∆µ29.apk: 9 25 26 
“Ù¿÷”Î“Ù∆µ290.apk: 8 10 18 4 26 25 9 
“Ù¿÷”Î“Ù∆µ291.apk: 25 26 
“Ù¿÷”Î“Ù∆µ292.apk: 26 10 25 
“Ù¿÷”Î“Ù∆µ293.apk: 26 25 6 
“Ù¿÷”Î“Ù∆µ294.apk: 
“Ù¿÷”Î“Ù∆µ295.apk: 9 14 10 4 21 
“Ù¿÷”Î“Ù∆µ296.apk: 25 26 
“Ù¿÷”Î“Ù∆µ297.apk: 9 26 25 10 4 14 5 
“Ù¿÷”Î“Ù∆µ298.apk: 26 9 
“Ù¿÷”Î“Ù∆µ299.apk: 9 26 25 10 
“Ù¿÷”Î“Ù∆µ3.apk: 10 26 9 6 
“Ù¿÷”Î“Ù∆µ30.apk: 8 7 10 25 26 
“Ù¿÷”Î“Ù∆µ300.apk: 9 10 25 26 
“Ù¿÷”Î“Ù∆µ301.apk: 9 26 25 10 
“Ù¿÷”Î“Ù∆µ302.apk: 9 25 26 3 
“Ù¿÷”Î“Ù∆µ303.apk: 25 9 10 
“Ù¿÷”Î“Ù∆µ304.apk: 10 
“Ù¿÷”Î“Ù∆µ305.apk: 10 8 7 26 1 6 
“Ù¿÷”Î“Ù∆µ306.apk: 
“Ù¿÷”Î“Ù∆µ307.apk: 26 9 
“Ù¿÷”Î“Ù∆µ308.apk: 25 26 
“Ù¿÷”Î“Ù∆µ309.apk: 25 26 9 
“Ù¿÷”Î“Ù∆µ31.apk: 
“Ù¿÷”Î“Ù∆µ310.apk: 26 9 10 8 7 3 25 
“Ù¿÷”Î“Ù∆µ311.apk: 
“Ù¿÷”Î“Ù∆µ312.apk: 
“Ù¿÷”Î“Ù∆µ313.apk: 26 10 6 
“Ù¿÷”Î“Ù∆µ314.apk: 4 26 25 10 9 3 8 7 
“Ù¿÷”Î“Ù∆µ315.apk: 25 26 9 6 
“Ù¿÷”Î“Ù∆µ316.apk: 25 26 10 3 9 
“Ù¿÷”Î“Ù∆µ317.apk: 25 26 10 3 9 
“Ù¿÷”Î“Ù∆µ318.apk: 25 26 7 6 
“Ù¿÷”Î“Ù∆µ319.apk: 10 9 26 
“Ù¿÷”Î“Ù∆µ32.apk: 25 26 
“Ù¿÷”Î“Ù∆µ320.apk: 25 26 9 10 6 8 
“Ù¿÷”Î“Ù∆µ321.apk: 10 26 8 25 25 
“Ù¿÷”Î“Ù∆µ322.apk: 3 9 26 25 
“Ù¿÷”Î“Ù∆µ323.apk: 
“Ù¿÷”Î“Ù∆µ324.apk: 5 4 25 26 
“Ù¿÷”Î“Ù∆µ325.apk: 25 26 
“Ù¿÷”Î“Ù∆µ326.apk: 
“Ù¿÷”Î“Ù∆µ327.apk: 8 26 
“Ù¿÷”Î“Ù∆µ328.apk: 26 
“Ù¿÷”Î“Ù∆µ329.apk: 10 26 25 9 8 7 3 
“Ù¿÷”Î“Ù∆µ33.apk: 25 26 
“Ù¿÷”Î“Ù∆µ330.apk: 10 
“Ù¿÷”Î“Ù∆µ331.apk: 10 26 25 7 3 
“Ù¿÷”Î“Ù∆µ332.apk: 4 5 12 26 25 10 9 20 22 21 18 3 7 8 6 
“Ù¿÷”Î“Ù∆µ34.apk: 26 10 
“Ù¿÷”Î“Ù∆µ35.apk: 8 7 8 
“Ù¿÷”Î“Ù∆µ36.apk: 26 8 
“Ù¿÷”Î“Ù∆µ37.apk: 5 4 25 26 6 
“Ù¿÷”Î“Ù∆µ38.apk: 25 
“Ù¿÷”Î“Ù∆µ39.apk: 26 25 9 
“Ù¿÷”Î“Ù∆µ4.apk: 25 26 6 7 4 
“Ù¿÷”Î“Ù∆µ40.apk: 5 4 25 26 6 
“Ù¿÷”Î“Ù∆µ41.apk: 
“Ù¿÷”Î“Ù∆µ42.apk: 26 9 
“Ù¿÷”Î“Ù∆µ43.apk: 26 6 10 
“Ù¿÷”Î“Ù∆µ44.apk: 10 
“Ù¿÷”Î“Ù∆µ45.apk: 26 7 8 6 25 
“Ù¿÷”Î“Ù∆µ46.apk: 25 26 10 
“Ù¿÷”Î“Ù∆µ47.apk: 8 7 26 25 9 
“Ù¿÷”Î“Ù∆µ48.apk: 9 26 25 6 7 
“Ù¿÷”Î“Ù∆µ49.apk: 26 25 4 5 6 10 
“Ù¿÷”Î“Ù∆µ5.apk: 3 9 26 25 
“Ù¿÷”Î“Ù∆µ50.apk: 6 8 
“Ù¿÷”Î“Ù∆µ51.apk: 26 
“Ù¿÷”Î“Ù∆µ52.apk: 26 
“Ù¿÷”Î“Ù∆µ53.apk: 7 25 26 10 
“Ù¿÷”Î“Ù∆µ54.apk: 25 26 
“Ù¿÷”Î“Ù∆µ55.apk: 9 26 25 
“Ù¿÷”Î“Ù∆µ56.apk: 26 7 8 6 25 
“Ù¿÷”Î“Ù∆µ57.apk: 9 10 26 8 25 25 
“Ù¿÷”Î“Ù∆µ58.apk: 9 10 26 8 25 25 
“Ù¿÷”Î“Ù∆µ59.apk: 6 10 26 8 
“Ù¿÷”Î“Ù∆µ6.apk: 25 3 4 22 21 26 
“Ù¿÷”Î“Ù∆µ60.apk: 25 26 9 
“Ù¿÷”Î“Ù∆µ61.apk: 9 26 25 
“Ù¿÷”Î“Ù∆µ62.apk: 9 25 26 
“Ù¿÷”Î“Ù∆µ63.apk: 25 26 25 6 8 
“Ù¿÷”Î“Ù∆µ64.apk: 6 25 26 
“Ù¿÷”Î“Ù∆µ65.apk: 26 10 25 
“Ù¿÷”Î“Ù∆µ66.apk: 7 25 26 10 
“Ù¿÷”Î“Ù∆µ67.apk: 25 26 9 10 
“Ù¿÷”Î“Ù∆µ68.apk: 9 25 26 10 
“Ù¿÷”Î“Ù∆µ69.apk: 9 10 
“Ù¿÷”Î“Ù∆µ7.apk: 26 
“Ù¿÷”Î“Ù∆µ70.apk: 
“Ù¿÷”Î“Ù∆µ71.apk: 26 10 9 
“Ù¿÷”Î“Ù∆µ72.apk: 9 25 26 6 
“Ù¿÷”Î“Ù∆µ73.apk: 10 26 9 25 
“Ù¿÷”Î“Ù∆µ74.apk: 25 
“Ù¿÷”Î“Ù∆µ75.apk: 6 
“Ù¿÷”Î“Ù∆µ76.apk: 26 10 
“Ù¿÷”Î“Ù∆µ77.apk: 25 26 
“Ù¿÷”Î“Ù∆µ78.apk: 26 25 
“Ù¿÷”Î“Ù∆µ79.apk: 26 25 
“Ù¿÷”Î“Ù∆µ8.apk: 9 
“Ù¿÷”Î“Ù∆µ80.apk: 18 10 9 26 25 7 3 
“Ù¿÷”Î“Ù∆µ81.apk: 
“Ù¿÷”Î“Ù∆µ82.apk: 8 7 25 26 10 
“Ù¿÷”Î“Ù∆µ83.apk: 10 
“Ù¿÷”Î“Ù∆µ84.apk: 10 26 8 25 
“Ù¿÷”Î“Ù∆µ85.apk: 25 26 
“Ù¿÷”Î“Ù∆µ86.apk: 26 25 9 6 
“Ù¿÷”Î“Ù∆µ87.apk: 25 26 
“Ù¿÷”Î“Ù∆µ88.apk: 25 26 10 
“Ù¿÷”Î“Ù∆µ89.apk: 10 26 
“Ù¿÷”Î“Ù∆µ9.apk: 26 9 6 
“Ù¿÷”Î“Ù∆µ90.apk: 26 25 4 5 
“Ù¿÷”Î“Ù∆µ91.apk: 
“Ù¿÷”Î“Ù∆µ92.apk: 26 9 8 
“Ù¿÷”Î“Ù∆µ93.apk: 26 21 20 9 6 25 7 8 
“Ù¿÷”Î“Ù∆µ94.apk: 6 9 26 10 25 
“Ù¿÷”Î“Ù∆µ95.apk: 26 25 10 9 3 
“Ù¿÷”Î“Ù∆µ96.apk: 26 25 10 9 3 
“Ù¿÷”Î“Ù∆µ97.apk: 26 10 6 25 
“Ù¿÷”Î“Ù∆µ98.apk: 
“Ù¿÷”Î“Ù∆µ99.apk: 9 
