ͨѶ1.apk: 8 4 5 10 26 9 12 3 14 15 21 20 22 24 6 18 25 
ͨѶ10.apk: 3 9 26 
ͨѶ100.apk: 4 9 5 10 12 26 8 7 14 15 21 6 
ͨѶ101.apk: 8 7 3 6 25 9 26 10 
ͨѶ102.apk: 25 26 9 4 5 10 14 15 18 
ͨѶ103.apk: 25 26 9 4 5 10 14 15 18 
ͨѶ104.apk: 26 
ͨѶ105.apk: 26 10 6 7 8 
ͨѶ106.apk: 8 7 3 6 14 4 5 10 22 21 9 26 
ͨѶ107.apk: 8 
ͨѶ108.apk: 8 7 
ͨѶ109.apk: 8 
ͨѶ11.apk: 22 21 24 20 23 4 5 10 3 26 25 9 12 8 7 
ͨѶ110.apk: 8 7 3 6 25 9 26 
ͨѶ111.apk: 10 6 21 14 15 22 8 7 9 18 4 5 12 26 3 
ͨѶ112.apk: 8 4 5 10 26 21 22 20 24 25 
ͨѶ113.apk: 9 3 4 26 25 6 10 20 8 7 
ͨѶ114.apk: 26 25 7 
ͨѶ115.apk: 6 4 5 1 2 26 
ͨѶ116.apk: 3 6 5 4 26 25 
ͨѶ117.apk: 18 12 4 5 21 24 20 22 10 25 26 23 8 14 6 9 3 
ͨѶ118.apk: 22 21 4 5 6 10 3 26 25 9 8 7 2 1 
ͨѶ119.apk: 8 7 3 6 25 9 26 
ͨѶ12.apk: 26 8 
ͨѶ120.apk: 3 9 4 5 10 6 21 22 15 26 
ͨѶ121.apk: 12 3 6 18 4 10 14 22 21 9 5 26 
ͨѶ122.apk: 6 3 8 
ͨѶ123.apk: 7 8 10 6 20 21 22 4 26 25 3 
ͨѶ124.apk: 25 26 8 7 3 3 
ͨѶ125.apk: 8 7 25 26 
ͨѶ126.apk: 3 12 14 4 5 21 24 20 22 10 26 9 25 
ͨѶ127.apk: 
ͨѶ128.apk: 6 26 4 10 25 8 7 3 9 22 21 20 24 12 5 
ͨѶ129.apk: 6 3 9 26 10 
ͨѶ13.apk: 4 25 10 26 7 8 
ͨѶ130.apk: 25 3 26 8 7 14 15 18 10 22 20 21 24 12 4 5 9 6 
ͨѶ131.apk: 8 
ͨѶ132.apk: 15 5 4 14 12 22 20 21 8 7 18 10 
ͨѶ133.apk: 26 
ͨѶ134.apk: 
ͨѶ135.apk: 8 7 3 6 14 4 5 10 22 21 9 26 
ͨѶ136.apk: 9 3 26 6 4 5 14 12 10 21 22 20 7 8 
ͨѶ137.apk: 9 3 26 6 4 5 14 12 10 21 22 20 7 8 
ͨѶ138.apk: 26 
ͨѶ139.apk: 9 10 8 7 
ͨѶ14.apk: 7 25 26 10 6 8 
ͨѶ140.apk: 9 10 
ͨѶ141.apk: 7 
ͨѶ142.apk: 
ͨѶ143.apk: 25 26 
ͨѶ144.apk: 7 8 4 6 26 25 9 10 3 1 2 
ͨѶ145.apk: 25 26 
ͨѶ146.apk: 9 25 26 10 20 22 21 24 4 5 6 3 12 8 7 18 15 14 
ͨѶ147.apk: 22 12 10 14 15 26 25 5 9 3 21 18 8 7 20 4 
ͨѶ148.apk: 
ͨѶ149.apk: 6 26 
ͨѶ15.apk: 6 26 9 3 
ͨѶ150.apk: 3 9 26 4 10 12 6 6 5 
ͨѶ151.apk: 25 26 
ͨѶ152.apk: 4 5 26 
ͨѶ153.apk: 26 21 20 22 3 4 8 7 9 12 10 6 25 
ͨѶ154.apk: 
ͨѶ155.apk: 10 4 26 6 7 8 3 9 25 
ͨѶ156.apk: 6 
ͨѶ157.apk: 26 25 7 
ͨѶ158.apk: 3 4 10 12 8 7 26 21 9 25 6 
ͨѶ159.apk: 4 10 26 21 9 3 25 
ͨѶ16.apk: 8 7 26 3 6 25 
ͨѶ160.apk: 26 
ͨѶ161.apk: 3 9 
ͨѶ162.apk: 6 3 9 26 10 
ͨѶ163.apk: 6 5 4 26 25 
ͨѶ164.apk: 26 4 6 5 6 25 
ͨѶ165.apk: 4 26 1 2 6 
ͨѶ166.apk: 6 14 4 21 22 20 3 9 25 26 10 
ͨѶ167.apk: 8 7 3 9 22 21 25 26 6 4 
ͨѶ168.apk: 26 25 7 
ͨѶ169.apk: 12 3 4 10 9 5 26 
ͨѶ17.apk: 8 7 6 26 25 
ͨѶ170.apk: 12 6 14 4 10 25 22 24 21 9 20 5 26 
ͨѶ171.apk: 12 4 5 21 24 20 22 10 26 25 
ͨѶ172.apk: 20 22 4 12 
ͨѶ173.apk: 4 5 21 24 22 20 10 26 14 6 
ͨѶ174.apk: 12 4 5 21 24 20 22 10 25 26 3 8 7 9 23 1 2 6 18 14 20 7 
ͨѶ175.apk: 3 9 10 25 26 
ͨѶ176.apk: 4 10 26 6 3 25 9 22 
ͨѶ177.apk: 6 4 14 26 10 24 22 20 9 12 18 5 3 7 8 1 25 15 21 
ͨѶ178.apk: 6 25 26 3 
ͨѶ179.apk: 8 7 26 
ͨѶ18.apk: 12 10 4 9 25 26 
ͨѶ180.apk: 8 7 3 6 25 9 26 4 10 21 
ͨѶ181.apk: 10 4 21 24 22 14 3 25 26 
ͨѶ182.apk: 9 26 6 
ͨѶ183.apk: 12 4 14 10 18 7 8 26 3 25 
ͨѶ184.apk: 9 10 12 14 15 4 6 21 22 5 
ͨѶ185.apk: 4 5 22 21 26 25 9 3 7 8 10 6 
ͨѶ186.apk: 6 10 10 9 26 25 4 5 21 22 7 8 3 12 
ͨѶ187.apk: 26 25 10 12 21 22 20 24 4 7 6 9 3 1 2 8 
ͨѶ188.apk: 10 25 26 8 7 
ͨѶ189.apk: 7 1 10 6 6 8 26 25 
ͨѶ19.apk: 9 3 26 
ͨѶ190.apk: 8 7 12 14 15 9 21 26 25 6 4 5 10 3 
ͨѶ191.apk: 21 22 6 25 10 4 5 
ͨѶ192.apk: 26 4 6 5 6 25 
ͨѶ193.apk: 10 12 21 22 26 25 6 4 3 8 7 
ͨѶ194.apk: 25 26 
ͨѶ195.apk: 6 25 26 10 4 5 1 2 21 20 22 12 1 2 3 8 
ͨѶ196.apk: 
ͨѶ197.apk: 26 25 
ͨѶ198.apk: 6 8 4 26 1 21 
ͨѶ199.apk: 8 7 26 25 9 6 10 
ͨѶ2.apk: 26 25 7 8 10 7 8 26 10 25 
ͨѶ20.apk: 26 7 8 
ͨѶ200.apk: 4 6 25 26 10 24 22 20 21 14 15 5 12 9 18 17 8 7 3 
ͨѶ201.apk: 9 10 12 14 15 4 6 21 22 5 
ͨѶ202.apk: 26 
ͨѶ203.apk: 22 21 24 20 4 5 10 3 26 25 9 12 
ͨѶ204.apk: 25 26 6 
ͨѶ205.apk: 9 26 21 22 20 4 6 25 3 
ͨѶ206.apk: 25 
ͨѶ207.apk: 6 4 5 26 25 3 
ͨѶ208.apk: 25 26 
ͨѶ209.apk: 26 25 
ͨѶ21.apk: 3 9 26 8 4 
ͨѶ210.apk: 7 3 10 9 26 25 
ͨѶ211.apk: 7 3 10 9 26 25 
ͨѶ212.apk: 4 10 7 26 25 3 
ͨѶ213.apk: 4 10 7 26 25 3 
ͨѶ214.apk: 26 25 
ͨѶ215.apk: 25 26 
ͨѶ216.apk: 14 22 12 4 10 26 6 5 15 21 24 23 8 7 18 20 3 25 1 2 9 
ͨѶ217.apk: 10 
ͨѶ218.apk: 10 12 10 18 4 5 3 26 9 
ͨѶ219.apk: 9 10 4 26 21 6 20 12 18 25 8 7 
ͨѶ22.apk: 9 26 3 4 5 7 8 22 10 6 12 
ͨѶ220.apk: 22 21 20 24 4 10 
ͨѶ221.apk: 26 25 8 7 3 
ͨѶ222.apk: 6 14 10 18 4 15 5 12 26 3 20 22 
ͨѶ223.apk: 9 26 4 10 25 
ͨѶ224.apk: 26 7 
ͨѶ225.apk: 8 7 15 26 3 9 4 5 10 14 25 21 22 12 6 
ͨѶ226.apk: 6 26 12 10 18 7 25 
ͨѶ227.apk: 8 7 12 14 15 9 21 26 25 6 4 5 10 3 
ͨѶ228.apk: 26 25 7 
ͨѶ229.apk: 26 25 
ͨѶ23.apk: 8 7 3 9 26 
ͨѶ230.apk: 3 4 5 6 7 9 10 12 18 20 22 21 26 25 8 14 15 
ͨѶ231.apk: 6 8 7 25 26 
ͨѶ232.apk: 14 15 7 8 12 20 21 10 18 22 3 4 5 26 6 23 9 25 
ͨѶ233.apk: 25 26 4 6 
ͨѶ234.apk: 26 
ͨѶ235.apk: 25 26 
ͨѶ236.apk: 25 26 
ͨѶ237.apk: 8 26 25 
ͨѶ238.apk: 3 8 7 26 25 9 
ͨѶ239.apk: 20 22 21 24 4 10 3 25 26 9 8 7 12 
ͨѶ24.apk: 21 22 9 3 6 4 5 8 7 26 12 10 15 6 25 25 
ͨѶ240.apk: 4 22 10 24 21 20 26 25 
ͨѶ241.apk: 8 3 26 25 
ͨѶ242.apk: 4 5 12 10 14 15 18 7 8 6 9 21 22 26 25 
ͨѶ243.apk: 10 26 
ͨѶ244.apk: 10 25 3 
ͨѶ245.apk: 10 25 21 22 6 8 7 6 26 3 9 
ͨѶ246.apk: 6 8 7 6 4 26 3 9 
ͨѶ247.apk: 10 26 
ͨѶ248.apk: 3 
ͨѶ249.apk: 4 5 21 24 22 20 10 26 14 3 8 7 9 18 2 1 6 12 25 
ͨѶ25.apk: 1 15 6 25 26 10 4 
ͨѶ250.apk: 7 8 3 26 4 10 9 12 6 5 22 21 25 19 
ͨѶ251.apk: 20 23 24 7 3 12 10 22 21 9 25 26 6 4 5 
ͨѶ252.apk: 7 8 3 26 4 10 9 12 6 5 22 21 25 19 
ͨѶ253.apk: 3 9 7 10 12 26 6 4 5 21 22 25 
ͨѶ254.apk: 8 7 26 3 9 
ͨѶ255.apk: 4 5 6 22 25 26 
ͨѶ256.apk: 6 20 21 24 22 4 12 18 10 26 25 8 7 
ͨѶ257.apk: 6 22 21 20 4 5 10 24 12 26 25 
ͨѶ258.apk: 26 
ͨѶ259.apk: 3 4 9 8 7 6 21 26 25 10 5 
ͨѶ26.apk: 26 3 
ͨѶ260.apk: 6 7 25 26 9 3 
ͨѶ261.apk: 25 
ͨѶ262.apk: 4 10 4 12 14 26 
ͨѶ263.apk: 25 
ͨѶ264.apk: 
ͨѶ265.apk: 10 8 7 
ͨѶ266.apk: 25 26 9 12 10 4 18 6 
ͨѶ267.apk: 26 25 7 10 
ͨѶ268.apk: 25 26 3 
ͨѶ269.apk: 26 25 8 7 1 2 25 
ͨѶ27.apk: 10 8 7 26 6 3 
ͨѶ270.apk: 10 4 5 26 25 6 21 14 18 12 
ͨѶ271.apk: 10 26 
ͨѶ272.apk: 9 4 5 7 8 26 6 3 25 
ͨѶ273.apk: 9 26 
ͨѶ274.apk: 6 22 21 4 5 9 10 26 20 8 7 3 14 12 
ͨѶ275.apk: 12 10 26 25 3 9 4 5 20 21 22 6 14 15 7 8 1 2 
ͨѶ276.apk: 25 7 8 10 6 26 
ͨѶ277.apk: 8 7 12 22 14 15 9 21 25 6 4 5 10 3 26 
ͨѶ278.apk: 12 10 26 25 8 7 3 9 4 5 20 21 22 6 14 15 
ͨѶ279.apk: 9 4 18 12 10 21 14 25 26 5 6 
ͨѶ28.apk: 3 26 4 25 5 6 8 7 22 21 10 
ͨѶ280.apk: 26 8 6 
ͨѶ281.apk: 25 26 
ͨѶ282.apk: 26 
ͨѶ283.apk: 7 8 3 9 4 18 12 14 15 20 21 25 10 26 5 6 17 
ͨѶ284.apk: 9 8 7 3 18 12 10 6 4 5 26 25 
ͨѶ285.apk: 
ͨѶ286.apk: 22 21 24 20 4 5 10 26 12 9 6 8 3 
ͨѶ287.apk: 4 5 6 26 25 7 8 9 10 12 
ͨѶ288.apk: 8 7 26 10 
ͨѶ289.apk: 
ͨѶ29.apk: 3 4 9 8 7 6 21 26 25 10 5 
ͨѶ290.apk: 26 4 22 6 10 9 7 3 25 
ͨѶ291.apk: 12 4 10 26 8 7 15 14 20 22 21 
ͨѶ292.apk: 6 4 5 14 15 26 25 18 12 10 17 
ͨѶ293.apk: 3 10 12 14 15 18 5 4 6 8 7 26 25 21 22 20 24 16 9 
ͨѶ294.apk: 8 7 26 4 6 9 3 10 25 
ͨѶ295.apk: 4 25 
ͨѶ296.apk: 3 9 25 
ͨѶ297.apk: 3 9 26 8 7 10 4 21 6 25 25 
ͨѶ298.apk: 10 3 26 7 6 
ͨѶ299.apk: 10 26 25 7 8 
ͨѶ3.apk: 7 8 
ͨѶ30.apk: 8 7 3 25 9 26 
ͨѶ300.apk: 4 5 10 14 12 21 22 26 9 6 3 8 7 25 
ͨѶ301.apk: 10 13 12 4 14 26 6 
ͨѶ302.apk: 26 
ͨѶ303.apk: 26 9 7 10 4 5 6 20 3 25 
ͨѶ304.apk: 25 26 
ͨѶ305.apk: 8 6 10 
ͨѶ306.apk: 4 26 3 9 25 25 
ͨѶ307.apk: 4 25 26 
ͨѶ308.apk: 26 19 6 8 7 10 
ͨѶ309.apk: 25 26 8 3 26 25 
ͨѶ31.apk: 6 
ͨѶ310.apk: 3 6 5 4 26 25 
ͨѶ311.apk: 26 25 7 8 10 7 8 26 10 25 
ͨѶ312.apk: 26 25 7 8 
ͨѶ313.apk: 8 7 3 9 4 22 26 5 10 25 19 6 
ͨѶ314.apk: 18 4 6 15 9 10 26 5 
ͨѶ315.apk: 8 7 3 6 4 10 21 9 20 5 26 25 
ͨѶ316.apk: 8 7 3 6 4 10 21 9 20 5 26 25 
ͨѶ317.apk: 18 22 3 26 9 5 4 12 10 7 8 14 15 22 6 25 21 
ͨѶ318.apk: 18 21 3 26 9 5 4 12 17 10 7 8 14 15 22 6 25 
ͨѶ319.apk: 
ͨѶ32.apk: 26 25 7 8 10 7 8 26 10 25 
ͨѶ320.apk: 9 26 3 4 5 10 7 8 21 6 25 
ͨѶ321.apk: 26 6 4 5 1 2 10 25 7 8 
ͨѶ322.apk: 8 26 6 
ͨѶ323.apk: 25 26 6 
ͨѶ324.apk: 6 25 26 10 3 4 21 22 20 
ͨѶ325.apk: 3 10 15 14 5 4 20 22 21 12 8 
ͨѶ326.apk: 22 20 21 24 4 12 26 25 10 9 14 
ͨѶ327.apk: 4 6 26 
ͨѶ328.apk: 26 6 8 7 5 4 25 
ͨѶ329.apk: 26 6 25 25 4 
ͨѶ33.apk: 26 25 7 26 8 
ͨѶ330.apk: 8 7 9 26 25 4 1 3 
ͨѶ331.apk: 6 26 25 4 8 7 
ͨѶ332.apk: 8 7 10 4 14 5 22 21 9 25 26 3 6 1 2 
ͨѶ333.apk: 8 7 25 26 3 
ͨѶ334.apk: 10 25 26 6 3 
ͨѶ335.apk: 8 7 3 6 9 26 
ͨѶ336.apk: 21 22 4 5 8 10 12 25 26 7 3 9 15 6 
ͨѶ337.apk: 8 7 26 3 9 4 5 10 14 25 21 22 12 20 6 
ͨѶ338.apk: 4 5 14 15 6 8 10 26 16 22 12 25 20 7 18 3 
ͨѶ339.apk: 9 12 18 15 5 4 14 10 26 25 3 6 
ͨѶ34.apk: 25 26 
ͨѶ340.apk: 8 7 26 6 9 3 25 
ͨѶ341.apk: 12 4 5 10 20 21 22 18 26 6 8 7 9 3 14 15 25 
ͨѶ342.apk: 6 3 7 8 9 25 26 
ͨѶ343.apk: 10 25 26 7 
ͨѶ35.apk: 9 3 4 5 20 22 26 6 10 8 
ͨѶ36.apk: 4 14 10 12 18 
ͨѶ37.apk: 26 25 18 10 12 4 5 14 15 21 20 24 6 
ͨѶ38.apk: 10 12 18 3 26 25 4 9 8 7 
ͨѶ39.apk: 12 4 5 14 15 6 7 8 18 10 26 21 24 20 22 25 3 9 23 1 2 20 7 
ͨѶ4.apk: 26 25 7 
ͨѶ40.apk: 10 9 25 26 4 14 18 
ͨѶ41.apk: 26 10 4 18 9 12 25 
ͨѶ42.apk: 10 9 26 18 4 12 4 5 25 
ͨѶ43.apk: 10 12 4 18 5 7 8 26 25 22 6 21 20 14 15 9 1 2 
ͨѶ44.apk: 21 22 10 18 5 4 12 26 25 15 14 8 7 9 6 20 24 16 
ͨѶ45.apk: 6 25 26 8 7 12 10 18 4 5 14 15 13 11 21 20 22 3 9 
ͨѶ46.apk: 12 10 4 26 6 7 8 25 
ͨѶ47.apk: 8 7 4 14 12 10 26 
ͨѶ48.apk: 14 22 12 4 10 26 6 5 15 21 24 23 8 7 18 20 3 25 1 2 9 
ͨѶ49.apk: 10 15 18 12 4 21 22 14 9 3 26 7 
ͨѶ5.apk: 6 7 7 25 26 9 3 
ͨѶ50.apk: 4 10 12 22 21 20 14 15 26 
ͨѶ51.apk: 9 3 4 5 20 22 26 6 10 8 
ͨѶ52.apk: 8 7 6 26 10 4 
ͨѶ53.apk: 12 14 4 15 17 18 9 7 8 3 
ͨѶ54.apk: 22 4 5 10 21 24 20 12 24 26 6 
ͨѶ55.apk: 8 7 3 6 25 9 26 
ͨѶ56.apk: 8 7 26 6 25 
ͨѶ57.apk: 25 26 10 4 20 6 7 8 
ͨѶ58.apk: 26 
ͨѶ59.apk: 4 5 6 10 18 12 14 15 25 26 
ͨѶ6.apk: 
ͨѶ60.apk: 3 6 4 5 12 18 14 15 10 25 26 21 20 22 1 2 8 7 9 
ͨѶ61.apk: 4 5 6 6 12 10 25 14 22 1 
ͨѶ62.apk: 25 7 9 8 26 
ͨѶ63.apk: 9 18 10 4 5 12 15 17 26 3 15 
ͨѶ64.apk: 4 10 26 20 21 3 9 
ͨѶ65.apk: 8 7 3 6 25 9 26 
ͨѶ66.apk: 26 7 10 6 
ͨѶ67.apk: 6 26 4 10 
ͨѶ68.apk: 6 14 4 10 12 18 5 15 9 26 25 
ͨѶ69.apk: 4 5 6 10 18 12 14 15 25 26 
ͨѶ7.apk: 8 7 22 4 14 26 10 12 21 9 18 15 5 6 3 25 25 
ͨѶ70.apk: 25 26 6 9 3 
ͨѶ71.apk: 26 25 
ͨѶ72.apk: 8 7 26 6 9 25 
ͨѶ73.apk: 8 7 26 6 9 25 
ͨѶ74.apk: 3 8 7 26 25 
ͨѶ75.apk: 26 10 
ͨѶ76.apk: 26 
ͨѶ77.apk: 7 8 9 4 5 26 25 3 6 12 10 
ͨѶ78.apk: 8 7 26 10 9 3 6 
ͨѶ79.apk: 26 10 9 3 6 25 
ͨѶ8.apk: 6 4 3 10 9 26 25 
ͨѶ80.apk: 14 15 6 4 5 12 17 10 25 26 20 22 1 2 18 9 
ͨѶ81.apk: 10 
ͨѶ82.apk: 8 7 3 6 25 9 26 
ͨѶ83.apk: 26 4 6 5 6 25 25 
ͨѶ84.apk: 4 5 26 10 6 2 1 25 
ͨѶ85.apk: 20 22 21 24 4 10 12 26 6 25 
ͨѶ86.apk: 10 4 5 14 15 12 26 6 25 
ͨѶ87.apk: 26 
ͨѶ88.apk: 3 26 25 
ͨѶ89.apk: 26 10 7 
ͨѶ9.apk: 26 25 8 7 3 10 
ͨѶ90.apk: 25 
ͨѶ91.apk: 
ͨѶ92.apk: 6 7 25 26 9 3 
ͨѶ93.apk: 26 
ͨѶ94.apk: 6 8 7 25 26 9 3 
ͨѶ95.apk: 26 
ͨѶ96.apk: 25 26 7 8 
ͨѶ97.apk: 6 7 7 8 25 26 9 3 8 7 10 26 
ͨѶ98.apk: 3 25 10 25 24 21 26 
ͨѶ99.apk: 26 25 7 
