医疗1.apk: 6 26 25 
医疗10.apk: 25 26 3 9 10 12 8 7 
医疗100.apk: 10 26 
医疗101.apk: 25 26 3 9 10 12 8 7 
医疗102.apk: 
医疗103.apk: 25 26 3 4 22 21 10 18 
医疗104.apk: 26 25 12 10 6 8 7 3 9 
医疗105.apk: 
医疗106.apk: 8 26 26 
医疗107.apk: 
医疗108.apk: 26 6 
医疗109.apk: 26 
医疗11.apk: 26 
医疗110.apk: 
医疗111.apk: 
医疗112.apk: 
医疗113.apk: 
医疗114.apk: 8 
医疗115.apk: 
医疗116.apk: 10 26 
医疗117.apk: 
医疗118.apk: 
医疗119.apk: 7 12 25 26 
医疗12.apk: 
医疗120.apk: 26 
医疗121.apk: 6 26 25 
医疗122.apk: 26 25 8 7 6 
医疗123.apk: 3 9 26 8 
医疗124.apk: 26 
医疗125.apk: 8 7 25 26 
医疗126.apk: 26 25 3 6 
医疗127.apk: 26 25 10 
医疗128.apk: 
医疗129.apk: 
医疗13.apk: 26 8 
医疗130.apk: 6 26 
医疗131.apk: 
医疗132.apk: 26 
医疗133.apk: 26 6 
医疗134.apk: 12 26 7 3 9 
医疗135.apk: 26 10 
医疗136.apk: 10 25 26 12 7 8 
医疗137.apk: 26 25 8 7 3 26 6 
医疗138.apk: 10 25 
医疗139.apk: 26 8 25 6 
医疗14.apk: 
医疗140.apk: 26 
医疗141.apk: 
医疗142.apk: 26 25 4 7 8 
医疗143.apk: 26 25 4 7 8 6 
医疗144.apk: 26 3 
医疗145.apk: 6 
医疗146.apk: 26 
医疗147.apk: 
医疗148.apk: 6 
医疗149.apk: 7 8 10 26 12 22 21 3 25 20 
医疗15.apk: 6 
医疗150.apk: 26 
医疗151.apk: 
医疗152.apk: 
医疗153.apk: 
医疗154.apk: 26 8 7 10 26 
医疗155.apk: 10 26 25 6 
医疗156.apk: 26 6 
医疗157.apk: 
医疗158.apk: 8 7 6 10 
医疗159.apk: 10 
医疗16.apk: 26 4 6 
医疗160.apk: 
医疗161.apk: 26 4 
医疗162.apk: 26 
医疗163.apk: 
医疗164.apk: 3 26 25 7 8 10 21 22 6 20 
医疗165.apk: 
医疗166.apk: 26 10 7 8 3 9 25 
医疗167.apk: 26 
医疗168.apk: 26 
医疗169.apk: 26 
医疗17.apk: 3 8 7 26 25 9 
医疗170.apk: 
医疗171.apk: 6 4 25 26 3 8 7 12 10 22 21 
医疗172.apk: 25 10 7 8 12 26 
医疗173.apk: 10 26 
医疗174.apk: 26 7 10 
医疗175.apk: 9 26 
医疗176.apk: 26 
医疗177.apk: 6 7 8 3 12 26 25 9 2 1 
医疗178.apk: 26 
医疗179.apk: 26 
医疗18.apk: 3 6 8 7 9 26 25 
医疗180.apk: 
医疗181.apk: 26 
医疗182.apk: 
医疗183.apk: 
医疗184.apk: 26 25 8 7 
医疗185.apk: 26 6 
医疗186.apk: 26 8 7 
医疗187.apk: 10 26 
医疗188.apk: 7 8 3 9 10 25 26 14 15 12 
医疗189.apk: 
医疗19.apk: 26 25 8 7 2 1 
医疗190.apk: 8 7 
医疗2.apk: 12 26 8 7 
医疗20.apk: 26 9 3 1 2 10 25 12 
医疗21.apk: 
医疗22.apk: 26 
医疗23.apk: 8 7 26 4 25 
医疗24.apk: 26 25 
医疗25.apk: 26 
医疗26.apk: 26 25 
医疗27.apk: 
医疗28.apk: 
医疗29.apk: 6 8 7 
医疗3.apk: 7 8 3 4 5 1 2 6 26 9 
医疗30.apk: 
医疗31.apk: 26 
医疗32.apk: 
医疗33.apk: 3 4 6 25 26 
医疗34.apk: 6 10 7 8 
医疗35.apk: 25 26 3 9 10 12 8 7 
医疗36.apk: 26 6 10 25 
医疗37.apk: 10 26 25 
医疗38.apk: 
医疗39.apk: 
医疗4.apk: 8 7 3 6 25 21 26 
医疗40.apk: 25 26 8 7 3 4 5 6 12 21 22 20 10 
医疗41.apk: 10 26 
医疗42.apk: 26 6 8 7 3 
医疗43.apk: 26 
医疗44.apk: 26 6 
医疗45.apk: 26 
医疗46.apk: 
医疗47.apk: 8 7 1 2 26 10 25 
医疗48.apk: 7 9 3 
医疗49.apk: 26 3 10 25 
医疗5.apk: 26 
医疗50.apk: 25 26 4 6 
医疗51.apk: 7 8 4 5 6 26 
医疗52.apk: 3 8 25 
医疗53.apk: 
医疗54.apk: 25 26 8 7 
医疗55.apk: 
医疗56.apk: 
医疗57.apk: 
医疗58.apk: 26 10 7 8 
医疗59.apk: 
医疗6.apk: 
医疗60.apk: 
医疗61.apk: 26 
医疗62.apk: 26 8 
医疗63.apk: 7 12 25 
医疗64.apk: 
医疗65.apk: 
医疗66.apk: 25 4 26 10 
医疗67.apk: 10 26 8 7 8 7 
医疗68.apk: 9 26 25 3 
医疗69.apk: 26 
医疗7.apk: 26 3 7 
医疗70.apk: 26 6 
医疗71.apk: 8 7 1 2 6 
医疗72.apk: 25 26 
医疗73.apk: 7 26 3 25 6 
医疗74.apk: 26 25 7 12 3 9 10 18 20 21 22 7 8 4 
医疗75.apk: 7 26 3 10 25 
医疗76.apk: 
医疗77.apk: 10 26 
医疗78.apk: 26 
医疗79.apk: 20 4 9 25 6 26 10 3 
医疗8.apk: 26 25 
医疗80.apk: 9 
医疗81.apk: 10 
医疗82.apk: 26 
医疗83.apk: 
医疗84.apk: 
医疗85.apk: 
医疗86.apk: 10 
医疗87.apk: 4 12 20 7 26 21 22 10 25 
医疗88.apk: 25 26 1 2 
医疗89.apk: 
医疗9.apk: 26 25 7 8 12 10 12 
医疗90.apk: 
医疗91.apk: 26 
医疗92.apk: 8 7 10 25 26 4 5 6 3 
医疗93.apk: 9 6 7 19 
医疗94.apk: 25 26 8 
医疗95.apk: 25 
医疗96.apk: 7 26 25 
医疗97.apk: 
医疗98.apk: 26 
医疗99.apk: 25 26 
