体育1.apk: 4 6 7 8 25 26 3 9 10 
体育10.apk: 10 25 26 6 7 8 
体育100.apk: 10 7 6 26 25 
体育101.apk: 6 
体育102.apk: 26 
体育103.apk: 
体育104.apk: 25 26 6 
体育105.apk: 26 
体育106.apk: 
体育107.apk: 25 
体育108.apk: 26 
体育109.apk: 26 10 
体育11.apk: 26 25 
体育110.apk: 26 
体育111.apk: 4 3 26 8 25 
体育112.apk: 25 26 6 
体育113.apk: 26 8 7 
体育114.apk: 
体育115.apk: 26 7 6 
体育116.apk: 8 7 2 1 6 10 26 25 8 7 6 2 1 
体育117.apk: 3 8 7 6 26 10 25 
体育118.apk: 3 8 7 6 26 10 25 
体育119.apk: 1 2 25 26 7 
体育12.apk: 26 25 
体育120.apk: 26 25 8 
体育121.apk: 25 26 8 7 
体育122.apk: 10 8 7 26 25 25 
体育123.apk: 6 10 7 25 26 8 
体育124.apk: 26 7 
体育125.apk: 
体育126.apk: 10 
体育127.apk: 6 10 26 
体育128.apk: 8 26 25 6 
体育129.apk: 26 
体育13.apk: 8 7 26 25 3 
体育130.apk: 25 26 6 
体育131.apk: 25 26 6 
体育132.apk: 26 25 
体育133.apk: 6 12 26 
体育134.apk: 10 8 26 6 7 10 
体育135.apk: 20 22 10 26 12 8 7 
体育136.apk: 25 26 6 10 
体育14.apk: 7 8 26 
体育15.apk: 25 26 
体育16.apk: 26 25 10 
体育17.apk: 26 25 1 2 
体育18.apk: 26 25 3 1 2 
体育19.apk: 26 8 7 6 4 10 
体育2.apk: 7 8 6 26 10 25 
体育20.apk: 7 8 25 26 
体育21.apk: 26 25 
体育22.apk: 25 26 8 7 
体育23.apk: 3 26 
体育24.apk: 25 26 8 7 6 10 3 
体育25.apk: 8 4 
体育26.apk: 26 10 25 
体育27.apk: 10 6 1 2 3 7 8 26 25 25 4 
体育28.apk: 8 26 10 25 
体育29.apk: 8 7 12 3 1 25 10 2 26 6 
体育3.apk: 8 26 10 3 4 21 7 6 20 22 25 9 
体育30.apk: 
体育31.apk: 1 6 2 10 10 7 26 25 8 3 4 
体育32.apk: 26 3 
体育33.apk: 6 10 26 25 7 8 25 
体育34.apk: 26 
体育35.apk: 
体育36.apk: 25 26 
体育37.apk: 6 26 25 8 7 
体育38.apk: 8 7 26 10 6 
体育39.apk: 8 26 25 
体育4.apk: 26 10 
体育40.apk: 26 25 8 10 7 
体育41.apk: 26 25 8 10 7 
体育42.apk: 
体育43.apk: 10 26 25 3 22 21 7 
体育44.apk: 6 7 26 25 8 
体育45.apk: 26 25 
体育46.apk: 1 2 
体育47.apk: 
体育48.apk: 
体育49.apk: 7 8 26 
体育5.apk: 26 25 8 7 
体育50.apk: 
体育51.apk: 8 26 25 
体育52.apk: 26 
体育53.apk: 25 26 
体育54.apk: 8 26 7 
体育55.apk: 
体育56.apk: 26 25 
体育57.apk: 10 8 7 6 25 26 9 4 
体育58.apk: 6 10 8 7 26 2 25 
体育59.apk: 3 10 6 1 2 7 26 25 4 8 
体育6.apk: 10 8 7 26 25 25 
体育60.apk: 26 25 4 10 6 
体育61.apk: 26 25 4 10 6 
体育62.apk: 26 25 4 10 6 
体育63.apk: 26 25 8 7 7 
体育64.apk: 7 25 26 3 9 
体育65.apk: 26 
体育66.apk: 26 25 6 8 7 3 10 
体育67.apk: 26 10 25 
体育68.apk: 26 25 3 9 6 8 4 
体育69.apk: 26 
体育7.apk: 26 7 10 3 25 25 8 
体育70.apk: 25 26 9 
体育71.apk: 
体育72.apk: 
体育73.apk: 7 8 1 2 26 10 25 
体育74.apk: 
体育75.apk: 
体育76.apk: 26 8 
体育77.apk: 26 6 6 
体育78.apk: 26 10 25 
体育79.apk: 26 
体育8.apk: 10 25 26 6 7 8 
体育80.apk: 10 6 26 
体育81.apk: 1 2 26 6 10 25 
体育82.apk: 26 8 10 7 25 25 
体育83.apk: 26 25 
体育84.apk: 8 26 10 25 
体育85.apk: 8 26 25 
体育86.apk: 10 26 8 7 4 3 
体育87.apk: 
体育88.apk: 
体育89.apk: 26 7 
体育9.apk: 10 25 26 6 7 8 
体育90.apk: 26 25 6 
体育91.apk: 7 6 
体育92.apk: 8 7 3 25 26 10 6 4 9 
体育93.apk: 3 6 1 2 10 7 26 25 4 8 
体育94.apk: 26 6 25 3 
体育95.apk: 10 26 25 6 
体育96.apk: 8 7 26 2 10 20 12 1 6 25 
体育97.apk: 25 26 8 
体育98.apk: 8 25 26 
体育99.apk: 
